Human coronavirus 229E.fas
MT797634.1
  start     end
   7543   7555
   11414   11422
   12660   12670
   12662   12670
   14149   14161
   14150   14162
   14151   14163
   14152   14164
   14153   14163
   16298   16308
   16300   16308
   18266   18278
   18267   18279
   23370   23380
KY996417.1
  start     end
   7544   7556
   11415   11423
   12661   12671
   12663   12671
   13897   13909
   13898   13910
   13899   13909
   13900   13910
   13901   13909
   13902   13910
   14150   14162
   14151   14163
   14152   14164
   14153   14165
   14154   14164
   16299   16309
   16301   16309
   18267   18279
   18268   18280
   23371   23381
KF293666.1
  start     end
   7236   7248
   11107   11115
   12353   12363
   12355   12363
   13841   13853
   13842   13854
   13843   13855
   13844   13856
   13845   13857
   13846   13856
   15991   16001
   15993   16001
   17959   17971
   17960   17972
KF293665.1
  start     end
   7236   7248
   11107   11115
   12353   12363
   12355   12363
   13841   13853
   13842   13854
   13843   13855
   13844   13856
   13845   13857
   13846   13856
   15991   16001
   15993   16001
   17959   17971
   17960   17972
KF293664.1
  start     end
   7236   7248
   11107   11115
   12353   12363
   12355   12363
   13841   13853
   13842   13854
   13843   13855
   13844   13856
   13845   13857
   13846   13856
   15991   16001
   15993   16001
   17959   17971
   17960   17972
JX503061.1
  start     end
   7508   7520
   11379   11387
   12625   12635
   12627   12635
   14114   14126
   14115   14127
   14116   14128
   14117   14129
   14118   14128
   16263   16273
   16265   16273
   18231   18243
   18232   18244
   23332   23342
JX503060.1
  start     end
   7543   7555
   11414   11422
   12660   12670
   12662   12670
   13896   13908
   13897   13909
   13898   13908
   13899   13909
   13900   13908
   13901   13909
   14149   14161
   14150   14162
   14151   14163
   14152   14164
   14153   14163
   16298   16308
   16300   16308
   18266   18278
   18267   18279
   23369   23379
OK073084.1
  start     end
   7498   7510
   11369   11377
   12615   12625
   12617   12625
   14104   14116
   14105   14117
   14106   14118
   14107   14119
   14108   14118
   16253   16263
   16255   16263
   18221   18233
   18222   18234
   23325   23335
OK073083.1
  start     end
   7543   7555
   11414   11422
   12660   12670
   12662   12670
   14149   14161
   14150   14162
   14151   14163
   14152   14164
   14153   14163
   16298   16308
   16300   16308
   18266   18278
   18267   18279
   23370   23380
OK073082.1
  start     end
   7537   7549
   11408   11416
   12654   12664
   12656   12664
   14143   14155
   14144   14156
   14145   14157
   14146   14158
   14147   14157
   16292   16302
   16294   16302
   18260   18272
   18261   18273
   23364   23374
OK073081.1
  start     end
   7543   7555
   11414   11422
   12660   12670
   12662   12670
   14149   14161
   14150   14162
   14151   14163
   14152   14164
   14153   14163
   16298   16308
   16300   16308
   18266   18278
   18267   18279
   23370   23380
OK073080.1
  start     end
   7472   7484
   11343   11351
   12589   12599
   12591   12599
   14078   14090
   14079   14091
   14080   14092
   14081   14093
   14082   14092
   16227   16237
   16229   16237
   18195   18207
   18196   18208
   23299   23309
OK073079.1
  start     end
   7543   7555
   11414   11422
   12660   12670
   12662   12670
   14149   14161
   14150   14162
   14151   14163
   14152   14164
   14153   14163
   16298   16308
   16300   16308
   18266   18278
   18267   18279
   23370   23380
OK073078.1
  start     end
   7487   7499
   11358   11366
   12604   12614
   12606   12614
   14093   14105
   14094   14106
   14095   14107
   14096   14108
   14097   14107
   16242   16252
   16244   16252
   18210   18222
   18211   18223
   23314   23324
OK073077.1
  start     end
   7543   7555
   11414   11422
   12660   12670
   12662   12670
   14149   14161
   14150   14162
   14151   14163
   14152   14164
   14153   14163
   16298   16308
   16300   16308
   18266   18278
   18267   18279
   23370   23380
LC654445.1
  start     end
   7522   7534
   11393   11401
   12639   12649
   12641   12649
   14128   14140
   14129   14141
   14130   14142
   14131   14143
   14132   14142
   16277   16287
   16279   16287
   18245   18257
   18246   18258
   23349   23359
ON729316.1
  start     end
   7508   7520
   11379   11387
   12625   12635
   12627   12635
   14114   14126
   14115   14127
   14116   14128
   14117   14129
   14118   14128
   16262   16272
   16264   16272
   18230   18242
   18231   18243
   23333   23343
ON791801.1
  start     end
   7543   7555
   11414   11422
   12660   12670
   12662   12670
   14149   14161
   14150   14162
   14151   14163
   14152   14164
   14153   14163
   16298   16308
   16300   16308
   23370   23380
KY621348.1
  start     end
   7445   7457
   11316   11324
   12562   12572
   12564   12572
   14051   14063
   14052   14064
   14053   14065
   14054   14066
   14055   14065
   16200   16210
   16202   16210
   18168   18180
   18169   18181
   23272   23282
KY674914.1
  start     end
   7376   7388
   11247   11255
   12493   12503
   12495   12503
   13982   13994
   13983   13995
   13984   13996
   13985   13997
   13986   13996
   16131   16141
   16133   16141
   18099   18111
   18100   18112
   23203   23213
KY369909.2
  start     end
   7442   7454
   11313   11321
   12559   12569
   12561   12569
   14048   14060
   14049   14061
   14050   14062
   14051   14063
   14052   14062
   16197   16207
   16199   16207
   18165   18177
   18166   18178
   23269   23279
KY369914.1
  start     end
   7522   7534
   11393   11401
   12639   12649
   12641   12649
   14128   14140
   14129   14141
   14130   14142
   14131   14143
   14132   14142
   16277   16287
   16279   16287
   18245   18257
   18246   18258
   23349   23359
KY369912.1
  start     end
   7499   7511
   11370   11378
   12616   12626
   12618   12626
   14105   14117
   14106   14118
   14107   14119
   14108   14120
   14109   14119
   16254   16264
   16256   16264
   18222   18234
   18223   18235
   23326   23336
KY983587.1
  start     end
   7543   7555
   11414   11422
   12660   12670
   12662   12670
   14149   14161
   14150   14162
   14151   14163
   14152   14164
   14153   14163
   16298   16308
   16300   16308
   18266   18278
   18267   18279
   23370   23380
KY967357.1
  start     end
   7501   7513
   11372   11380
   12618   12628
   12620   12628
   14107   14119
   14108   14120
   14109   14121
   14110   14122
   14111   14121
   16256   16266
   16258   16266
   18224   18236
   18225   18237
   23328   23338
KY684760.1
  start     end
   7543   7555
   11414   11422
   12660   12670
   12662   12670
   14149   14161
   14150   14162
   14151   14163
   14152   14164
   14153   14163
   16298   16308
   16300   16308
   18266   18278
   18267   18279
   23370   23380
MZ712010.1
  start     end
   7482   7494
   11353   11361
   12599   12609
   12601   12609
   14087   14099
   14088   14100
   14089   14101
   14090   14102
   14091   14103
   14092   14102
   16237   16247
   16239   16247
   18205   18217
   18206   18218
OK662398.1
  start     end
   7528   7540
   11399   11407
   12645   12655
   12647   12655
   14133   14145
   14134   14146
   14135   14147
   14136   14148
   14137   14149
   14138   14148
   16283   16293
   16285   16293
   18251   18263
   18252   18264
MH828489.1
  start     end
   7521   7533
   11392   11400
   12638   12648
   12640   12648
   14127   14139
   14128   14140
   14129   14141
   14130   14142
   14131   14141
   16276   16286
   16278   16286
   18244   18256
   18245   18257
   23348   23358
LC654446.1
  start     end
   7522   7534
   11393   11401
   12639   12649
   12641   12649
   14128   14140
   14129   14141
   14130   14142
   14131   14143
   14132   14142
   16277   16287
   16279   16287
   18245   18257
   18246   18258
   23349   23359
AB691767.2
  start     end
   7514   7526
   11385   11393
   12631   12641
   12633   12641
   14120   14132
   14121   14133
   14122   14134
   14123   14135
   14124   14134
   16269   16279
   16271   16279
   18237   18249
   18238   18250
   23338   23348
AB691766.2
  start     end
   7512   7524
   11383   11391
   12627   12639
   12628   12638
   12629   12639
   12630   12638
   12631   12639
   14118   14130
   14119   14131
   14120   14132
   14121   14133
   14122   14132
   16267   16277
   16269   16277
   18235   18247
   18236   18248
   23336   23346
AB691765.2
  start     end
   7513   7525
   11384   11392
   12628   12640
   12629   12639
   12630   12640
   12631   12639
   12632   12640
   14119   14131
   14120   14132
   14121   14133
   14122   14134
   14123   14133
   16268   16278
   16270   16278
   18236   18248
   18237   18249
   23337   23347
AB691764.2
  start     end
   7522   7534
   11393   11401
   12639   12649
   12641   12649
   14128   14140
   14129   14141
   14130   14142
   14131   14143
   14132   14142
   16277   16287
   16279   16287
   18245   18257
   18246   18258
   21504   21512
   23346   23356
MW587038.1
  start     end
   7461   7473
   11332   11340
   12578   12588
   12580   12588
   14067   14079
   14068   14080
   14069   14081
   14070   14082
   14071   14081
   16216   16226
   16218   16226
   18184   18196
   18185   18197
   23288   23298
MW587037.1
  start     end
   7549   7561
   11420   11428
   12666   12676
   12668   12676
   14155   14167
   14156   14168
   14157   14169
   14158   14170
   14159   14169
   16304   16314
   16306   16314
   18272   18284
   18273   18285
   23376   23386
MW587036.1
  start     end
   7401   7413
   12518   12528
   12520   12528
   16149   16159
   16151   16159
   18117   18129
   18118   18130
   23207   23217
MW587035.1
  start     end
   7482   7494
   11353   11361
   12599   12609
   12601   12609
   14088   14100
   14089   14101
   14090   14102
   14091   14103
   14092   14102
   16237   16247
   16239   16247
   18205   18217
   18206   18218
   23300   23310
OK625404.1
  start     end
   7481   7493
   11352   11360
   12598   12608
   12600   12608
   14086   14098
   14087   14099
   14088   14100
   14089   14101
   14090   14102
   14091   14101
   16236   16246
   16238   16246
   18204   18216
   18205   18217
MW202340.1
  start     end
   7533   7545
   11404   11412
   12650   12660
   12652   12660
   14139   14151
   14140   14152
   14141   14153
   14142   14154
   14143   14153
   16288   16298
   16290   16298
   18256   18268
   18257   18269
   23360   23370
NC_002645.1
  start     end
   7528   7540
   11399   11407
   12645   12655
   12647   12655
   14133   14145
   14134   14146
   14135   14147
   14136   14148
   14137   14149
   14138   14148
   16283   16293
   16285   16293
   18251   18263
   18252   18264
KY674919.1
  start     end
   7396   7408
   11267   11275
   12513   12523
   12515   12523
   14002   14014
   14003   14015
   14004   14016
   14005   14017
   14006   14016
   16151   16161
   16153   16161
   18119   18131
   18120   18132
   23220   23230
MW532107.1
  start     end
   7539   7551
   11410   11418
   12656   12666
   12658   12666
   14145   14157
   14146   14158
   14147   14159
   14148   14160
   14149   14159
   16294   16304
   16296   16304
   18262   18274
   18263   18275
   23363   23373
MW532106.1
  start     end
   7539   7551
   11410   11418
   12656   12666
   12658   12666
   13892   13904
   13893   13905
   13894   13904
   13895   13905
   13896   13904
   13897   13905
   14145   14157
   14146   14158
   14147   14159
   14148   14160
   14149   14159
   16294   16304
   16296   16304
   18262   18274
   18263   18275
   23366   23376
MW532105.1
  start     end
   7539   7551
   11410   11418
   12656   12666
   12658   12666
   14145   14157
   14146   14158
   14147   14159
   14148   14160
   14149   14159
   16294   16304
   16296   16304
   18262   18274
   18263   18275
   23366   23376
MW532104.1
  start     end
   7539   7551
   11410   11418
   12656   12666
   12658   12666
   14145   14157
   14146   14158
   14147   14159
   14148   14160
   14149   14159
   16294   16304
   16296   16304
   18262   18274
   18263   18275
   23366   23376
MW532103.1
  start     end
   7539   7551
   11410   11418
   12655   12665
   12657   12665
   13893   13903
   13895   13903
   14144   14156
   14145   14157
   14146   14158
   14147   14159
   14148   14158
   16292   16302
   16294   16302
   18260   18272
   18261   18273
   23364   23374
MT118677.1
  start     end
   7543   7555
   11414   11422
   12660   12670
   12662   12670
   14149   14161
   14150   14162
   14151   14163
   14152   14164
   14153   14163
   16298   16308
   16300   16308
   18266   18278
   18267   18279
   23370   23380
MW039392.1
  start     end
   10951   10959
   12197   12207
   12199   12207
   13686   13698
   13687   13699
   13688   13700
   13689   13701
   13690   13700
   15835   15845
   15837   15845
   17803   17815
   17804   17816
   22913   22923
MT438700.1
  start     end
   7522   7534
   11393   11401
   12639   12649
   12641   12649
   14128   14140
   14129   14141
   14130   14142
   14131   14143
   14132   14142
   16277   16287
   16279   16287
   18245   18257
   18246   18258
   23352   23362
MT438699.1
  start     end
   7512   7524
   11383   11391
   12629   12639
   12631   12639
   14118   14130
   14119   14131
   14120   14132
   14121   14133
   14122   14132
   16267   16277
   16269   16277
   18235   18247
   18236   18248
   23339   23349
MT438698.1
  start     end
   7513   7525
   11384   11392
   12630   12640
   12632   12640
   14119   14131
   14120   14132
   14121   14133
   14122   14134
   14123   14133
   16268   16278
   16270   16278
   18236   18248
   18237   18249
   23340   23350
MT438697.1
  start     end
   7521   7533
   11392   11400
   12638   12648
   12640   12648
   14127   14139
   14128   14140
   14129   14141
   14130   14142
   14131   14141
   16276   16286
   16278   16286
   18244   18256
   18245   18257
   23348   23358
MT438696.1
  start     end
   4943   4955
   4944   4956
   4945   4955
   4946   4956
   4947   4955
   7513   7525
   11384   11392
   12630   12640
   12632   12640
   14119   14131
   14120   14132
   14121   14133
   14122   14134
   14123   14133
   16268   16278
   16270   16278
   18236   18248
   18237   18249
   23340   23350
MN369046.1
  start     end
   7385   7397
   11256   11264
   12502   12512
   12504   12512
   13991   14003
   13992   14004
   13993   14005
   13994   14006
   13995   14005
   16140   16150
   16142   16150
   18108   18120
   18109   18121
   23212   23222
MN306046.1
  start     end
   7545   7557
   11416   11424
   12662   12672
   12664   12672
   14151   14163
   14152   14164
   14153   14165
   14154   14166
   14155   14165
   16300   16310
   16302   16310
   18268   18280
   18269   18281
   23372   23382
KY369913.1
  start     end
   7497   7509
   11368   11376
   12614   12624
   12616   12624
   14103   14115
   14104   14116
   14105   14117
   14106   14118
   14107   14117
   16252   16262
   16254   16262
   18220   18232
   18221   18233
   23324   23334
KY369911.1
  start     end
   7543   7555
   11414   11422
   12660   12670
   12662   12670
   14149   14161
   14150   14162
   14151   14163
   14152   14164
   14153   14163
   16298   16308
   16300   16308
   18266   18278
   18267   18279
   23370   23380
KY369910.1
  start     end
   7499   7511
   11370   11378
   12616   12626
   12618   12626
   14105   14117
   14106   14118
   14107   14119
   14108   14120
   14109   14119
   16254   16264
   16256   16264
   18222   18234
   18223   18235
   23326   23336
KY369908.1
  start     end
   7491   7503
   11362   11370
   12608   12618
   12610   12618
   14097   14109
   14098   14110
   14099   14111
   14100   14112
   14101   14111
   16246   16256
   16248   16256
   18214   18226
   18215   18227
   23318   23328
MF542265.1
  start     end
   7545   7557
   11416   11424
   12662   12672
   12664   12672
   14151   14163
   14152   14164
   14153   14165
   14154   14166
   14155   14165
   16300   16310
   16302   16310
   18268   18280
   18269   18281
   23372   23382
KU291448.1
  start     end
   7387   7399
   11258   11266
   12504   12514
   12506   12514
   13993   14005
   13994   14006
   13995   14007
   13996   14008
   13997   14007
   16142   16152
   16144   16152
   18110   18122
   18111   18123
   23214   23224
KF514433.1
  start     end
   7497   7509
   11368   11376
   12614   12624
   12616   12624
   14103   14115
   14104   14116
   14105   14117
   14106   14118
   14107   14117
   16252   16262
   16254   16262
   18220   18232
   18221   18233
   23321   23331
KF514432.1
  start     end
   7476   7488
   11347   11355
   12593   12603
   12595   12603
   14082   14094
   14083   14095
   14084   14096
   14085   14097
   14086   14096
   16231   16241
   16233   16241
   18199   18211
   18200   18212
   23300   23310
KF514431.1
  start     end
   7475   7487
   14078   14090
   14079   14091
   14080   14092
   14081   14093
   14082   14092
   16228   16238
   16230   16238
   18196   18208
   18197   18209
   23297   23307
KF514430.1
  start     end
   7497   7509
   11368   11376
   12614   12624
   12616   12624
   14103   14115
   14104   14116
   14105   14117
   14106   14118
   14107   14117
   16252   16262
   16254   16262
   18220   18232
   18221   18233
   23321   23331
KF514429.1
  start     end
   7498   7510
   11368   11376
   12614   12624
   12616   12624
   14103   14115
   14104   14116
   14105   14117
   14106   14118
   14107   14117
   16252   16262
   16254   16262
   18220   18232
   18221   18233
   23321   23331
AF304460.1
  start     end
   7528   7540
   11399   11407
   12645   12655
   12647   12655
   14133   14145
   14134   14146
   14135   14147
   14136   14148
   14137   14149
   14138   14148
   16283   16293
   16285   16293
   18251   18263
   18252   18264
KT253272.1
  start     end
   3723   3729
   3791   3803
   3792   3804
   3793   3805
   3794   3806
   3796   3806
   7552   7564
   11420   11428
   12666   12676
   12668   12676
   14155   14167
   14156   14168
   14157   14169
   14158   14170
   14159   14169
   16304   16314
   16306   16314
   16581   16593
   17493   17505
   17494   17506
   17495   17507
   17496   17508
   17497   17509
   17498   17510
   17499   17509
   17500   17510
   17501   17509
   17502   17510
   18274   18286
   18276   18286
   20689   20701
   20690   20702
   22377   22387
   22379   22387
   24512   24524
   24513   24525
   24514   24526
   24515   24525
   24516   24524
   24517   24525
   24518   24526
   25472   25482
KT253271.1
  start     end
   1894   1904
   1896   1904
   5636   5646
   5638   5646
   7537   7549
   7539   7549
   7541   7549
   7543   7549
   11414   11422
   12660   12670
   12662   12670
   13008   13020
   13009   13019
   13010   13020
   13762   13770
   13764   13770
   14149   14161
   14150   14162
   14151   14163
   14152   14162
   14153   14163
   16300   16308
   16575   16587
   16576   16586
   17358   17370
   17360   17370
   17488   17500
   17489   17501
   17490   17502
   17491   17503
   17492   17504
   17493   17505
   17494   17504
   17495   17505
   17496   17504
   18026   18036
   18028   18036
   18030   18036
   18266   18278
   18267   18279
   18358   18366
   18360   18366
   23578   23590
   24250   24262
   24252   24262
   24254   24262
   24256   24262
   24478   24490
   24480   24490
KT253270.1
  start     end
   5830   5842
   5832   5842
   7558   7570
   11429   11437
   12675   12685
   12677   12685
   14162   14174
   14163   14175
   14164   14176
   14165   14177
   14166   14178
   14167   14179
   14168   14178
   14170   14178
   16313   16323
   16315   16323
   16590   16602
   17502   17514
   17503   17515
   17504   17516
   17505   17517
   17506   17518
   17507   17519
   17508   17518
   17509   17519
   17510   17518
   17511   17519
   18283   18295
   18285   18295
   21111   21121
   22110   22118
KT253269.1
  start     end
   5830   5842
   5832   5842
   7558   7570
   11429   11437
   12675   12685
   12677   12685
   13911   13923
   13912   13924
   13913   13923
   13914   13924
   13915   13923
   13916   13924
   14163   14175
   14164   14176
   14165   14177
   14166   14178
   14167   14179
   14168   14178
   14170   14178
   16211   16221
   16312   16324
   16314   16324
   16315   16323
   16316   16324
   16317   16323
   16590   16602
   17502   17514
   17503   17515
   17504   17516
   17505   17517
   17506   17518
   17507   17519
   17508   17518
   17509   17519
   17510   17518
   17511   17519
   18283   18295
   18285   18295
   21102   21114
   21104   21114
   22116   22124
JQ410000.1
  start     end
   7549   7561
   11411   11419
   12657   12667
   12659   12667
   14146   14158
   14147   14159
   14148   14160
   14149   14161
   14150   14160
   16295   16305
   16297   16305
   16572   16584
   17486   17498
   17487   17499
   17488   17500
   17489   17501
   17490   17502
   17491   17501
   18262   18274
   18263   18275
   18264   18276
   18265   18277
   18266   18276
   18267   18277
   18268   18276
   18269   18277
   23274   23284
   23276   23284
NC_028752.1
  start     end
   7549   7561
   11413   11421
   12658   12668
   12660   12668
   16295   16305
   16297   16305
   16572   16584
   17485   17497
   17486   17498
   17487   17499
   17488   17500
   17489   17501
   17490   17500
   18262   18274
   18263   18275
   18264   18276
   18265   18275
   18266   18276
   18268   18276
   23272   23282
   23274   23282
MF593473.1
  start     end
   7549   7561
   11414   11422
   12660   12670
   12662   12670
   16298   16308
   16300   16308
   16575   16587
   17489   17501
   17490   17502
   17491   17503
   17492   17504
   17493   17505
   17494   17504
   18266   18278
   18267   18279
   18268   18280
   18269   18279
   18270   18280
   18272   18280
   23277   23287
   23279   23287
KY073748.1
  start     end
   4888   4900
   4890   4900
   11338   11346
   12584   12594
   12586   12594
   13822   13832
   13824   13832
   14073   14085
   14074   14086
   14075   14087
   14076   14088
   14077   14087
   16205   16217
   16222   16232
   16224   16232
   16499   16511
   18190   18202
   18191   18203
   18192   18204
   18194   18204
KY073747.1
  start     end
   4911   4923
   4912   4924
   4913   4923
   4914   4924
   4915   4923
   7490   7502
   11361   11369
   11827   11839
   12607   12617
   12609   12617
   14096   14108
   14097   14109
   14098   14110
   14099   14111
   14100   14110
   16245   16255
   16247   16255
   16522   16534
   18213   18225
   18214   18226
   18215   18227
   18217   18227
KT253328.1
  start     end
   7425   7437
   11290   11298
   12536   12546
   12538   12546
   16174   16184
   16176   16184
   16451   16463
   17365   17377
   17366   17378
   17367   17379
   17368   17380
   17369   17381
   17370   17380
   18142   18154
   18143   18155
   18144   18156
   18145   18155
   18146   18156
   18148   18156
   23153   23163
   23155   23163
KT253327.1
  start     end
   7425   7437
   11290   11298
   12536   12546
   12538   12546
   16174   16184
   16176   16184
   16451   16463
   17365   17377
   17366   17378
   17367   17379
   17368   17380
   17369   17381
   17370   17380
   18142   18154
   18143   18155
   18144   18156
   18145   18155
   18146   18156
   18148   18156
   23153   23163
   23155   23163
KT253326.1
  start     end
   7425   7437
   11290   11298
   12536   12546
   12538   12546
   16174   16184
   16176   16184
   16451   16463
   17365   17377
   17366   17378
   17367   17379
   17368   17380
   17369   17381
   17370   17380
   18142   18154
   18143   18155
   18144   18156
   18145   18155
   18146   18156
   18148   18156
   23153   23163
   23155   23163
KT253325.1
  start     end
   7425   7437
   11290   11298
   12536   12546
   12538   12546
   16174   16184
   16176   16184
   16451   16463
   17365   17377
   17366   17378
   17367   17379
   17368   17380
   17369   17381
   17370   17380
   18142   18154
   18143   18155
   18144   18156
   18145   18155
   18146   18156
   18148   18156
   23153   23163
   23155   23163
KT253324.1
  start     end
   7549   7561
   11414   11422
   12660   12670
   12662   12670
   16298   16308
   16300   16308
   16575   16587
   17489   17501
   17490   17502
   17491   17503
   17492   17504
   17493   17505
   17494   17504
   18266   18278
   18267   18279
   18268   18280
   18269   18279
   18270   18280
   18272   18280
   23277   23287
   23279   23287
KU291449.1
  start     end
   7396   7408
   11261   11269
   12507   12517
   12509   12517
   13996   14008
   13997   14009
   13998   14010
   13999   14011
   14000   14010
   16145   16155
   16147   16155
   16422   16434
   17336   17348
   17337   17349
   17338   17350
   17339   17351
   17340   17352
   17341   17351
   18112   18124
   18113   18125
   18114   18126
   18115   18127
   18116   18126
   18117   18127
   18118   18126
   18119   18127
KT368916.1
  start     end
   7549   7561
   11414   11422
   12660   12670
   12662   12670
   16298   16308
   16300   16308
   16575   16587
   17489   17501
   17490   17502
   17491   17503
   17492   17504
   17493   17505
   17494   17504
   18266   18278
   18267   18279
   18268   18280
   18269   18279
   18270   18280
   18272   18280
   23277   23287
   23279   23287
KT368915.1
  start     end
   7549   7561
   11414   11422
   12660   12670
   12662   12670
   16298   16308
   16300   16308
   16575   16587
   17489   17501
   17490   17502
   17491   17503
   17492   17504
   17493   17505
   17494   17504
   18266   18278
   18267   18279
   18268   18280
   18269   18279
   18270   18280
   18272   18280
   23277   23287
   23279   23287
KT368914.1
  start     end
   7549   7561
   11414   11422
   12660   12670
   12662   12670
   16298   16308
   16300   16308
   16575   16587
   17489   17501
   17490   17502
   17491   17503
   17492   17504
   17493   17505
   17494   17504
   18266   18278
   18267   18279
   18268   18280
   18269   18279
   18270   18280
   18272   18280
   23277   23287
   23279   23287
KT368913.1
  start     end
   7549   7561
   11414   11422
   12660   12670
   12662   12670
   16298   16308
   16300   16308
   16575   16587
   17489   17501
   17490   17502
   17491   17503
   17492   17504
   17493   17505
   17494   17504
   18266   18278
   18267   18279
   18268   18280
   18269   18279
   18270   18280
   18272   18280
   23277   23287
   23279   23287
KT368912.1
  start     end
   7549   7561
   11414   11422
   12660   12670
   12662   12670
   16298   16308
   16300   16308
   16575   16587
   17489   17501
   17490   17502
   17491   17503
   17492   17504
   17493   17505
   17494   17504
   18266   18278
   18267   18279
   18268   18280
   18269   18279
   18270   18280
   18272   18280
   23277   23287
   23279   23287
KT368911.1
  start     end
   7549   7561
   11414   11422
   12660   12670
   12662   12670
   16298   16308
   16300   16308
   16575   16587
   17489   17501
   17490   17502
   17491   17503
   17492   17504
   17493   17505
   17494   17504
   18266   18278
   18267   18279
   18268   18280
   18269   18279
   18270   18280
   18272   18280
   23277   23287
   23279   23287
KT368910.1
  start     end
   7549   7561
   11414   11422
   12660   12670
   12662   12670
   16298   16308
   16300   16308
   16575   16587
   17489   17501
   17490   17502
   17491   17503
   17492   17504
   17493   17505
   17494   17504
   18266   18278
   18267   18279
   18268   18280
   18269   18279
   18270   18280
   18272   18280
   23277   23287
   23279   23287
KT368909.1
  start     end
   7549   7561
   11414   11422
   12660   12670
   12662   12670
   16298   16308
   16300   16308
   16575   16587
   17489   17501
   17490   17502
   17491   17503
   17492   17504
   17493   17505
   17494   17504
   18266   18278
   18267   18279
   18268   18280
   18269   18279
   18270   18280
   18272   18280
   23277   23287
   23279   23287
KT368908.1
  start     end
   7549   7561
   11414   11422
   12660   12670
   12662   12670
   16298   16308
   16300   16308
   16575   16587
   17489   17501
   17490   17502
   17491   17503
   17492   17504
   17493   17505
   17494   17504
   18266   18278
   18267   18279
   18268   18280
   18269   18279
   18270   18280
   18272   18280
   23277   23287
   23279   23287
KT368907.1
  start     end
   7549   7561
   11413   11421
   12658   12668
   12660   12668
   16295   16305
   16297   16305
   16572   16584
   17485   17497
   17486   17498
   17487   17499
   17488   17500
   17489   17501
   17490   17500
   18262   18274
   18263   18275
   18264   18276
   18265   18275
   18266   18276
   18268   18276
   23272   23282
   23274   23282
KT368906.1
  start     end
   7549   7561
   11414   11422
   12660   12670
   12662   12670
   16298   16308
   16300   16308
   16575   16587
   17489   17501
   17490   17502
   17491   17503
   17492   17504
   17493   17505
   17494   17504
   18266   18278
   18267   18279
   18268   18280
   18269   18279
   18270   18280
   18272   18280
   23277   23287
   23279   23287
KT368905.1
  start     end
   7549   7561
   11414   11422
   12660   12670
   12662   12670
   16298   16308
   16300   16308
   16575   16587
   17489   17501
   17490   17502
   17491   17503
   17492   17504
   17493   17505
   17494   17504
   18266   18278
   18267   18279
   18268   18280
   18269   18279
   18270   18280
   18272   18280
   23277   23287
   23279   23287
KT368904.1
  start     end
   7549   7561
   11414   11422
   12660   12670
   12662   12670
   16298   16308
   16300   16308
   16575   16587
   17489   17501
   17490   17502
   17491   17503
   17492   17504
   17493   17505
   17494   17504
   18266   18278
   18267   18279
   18268   18280
   18269   18279
   18270   18280
   18272   18280
   23277   23287
   23279   23287
KT368903.1
  start     end
   7549   7561
   11414   11422
   12660   12670
   12662   12670
   16298   16308
   16300   16308
   16575   16587
   17489   17501
   17490   17502
   17491   17503
   17492   17504
   17493   17505
   17494   17504
   18266   18278
   18267   18279
   18268   18280
   18269   18279
   18270   18280
   18272   18280
   23277   23287
   23279   23287
KT368902.1
  start     end
   7549   7561
   11414   11422
   12660   12670
   12662   12670
   16298   16308
   16300   16308
   16575   16587
   17489   17501
   17490   17502
   17491   17503
   17492   17504
   17493   17505
   17494   17504
   18266   18278
   18267   18279
   18268   18280
   18269   18279
   18270   18280
   18272   18280
   23277   23287
   23279   23287
KT368901.1
  start     end
   7546   7558
   11410   11418
   12656   12666
   12658   12666
   16292   16302
   16294   16302
   16569   16581
   17482   17494
   17483   17495
   17484   17496
   17485   17497
   17486   17498
   17487   17497
   18259   18271
   18260   18272
   18261   18273
   18262   18272
   18263   18273
   18265   18273
   23268   23278
   23270   23278
KT368900.1
  start     end
   7547   7559
   11412   11420
   12657   12667
   12659   12667
   16294   16304
   16296   16304
   16571   16583
   17485   17497
   17486   17498
   17487   17499
   17488   17500
   17489   17501
   17490   17500
   18262   18274
   18263   18275
   18264   18276
   18265   18275
   18266   18276
   18268   18276
   23268   23278
   23270   23278
KT368899.1
  start     end
   7549   7561
   11414   11422
   12660   12670
   12662   12670
   16298   16308
   16300   16308
   16575   16587
   17489   17501
   17490   17502
   17491   17503
   17492   17504
   17493   17505
   17494   17504
   18266   18278
   18267   18279
   18268   18280
   18269   18279
   18270   18280
   18272   18280
   23277   23287
   23279   23287
KT368898.1
  start     end
   7549   7561
   11414   11422
   12660   12670
   12662   12670
   16298   16308
   16300   16308
   16575   16587
   17489   17501
   17490   17502
   17491   17503
   17492   17504
   17493   17505
   17494   17504
   18266   18278
   18267   18279
   18268   18280
   18269   18279
   18270   18280
   18272   18280
   23277   23287
   23279   23287
KT368897.1
  start     end
   7549   7561
   11414   11422
   12660   12670
   12662   12670
   16298   16308
   16300   16308
   16575   16587
   17489   17501
   17490   17502
   17491   17503
   17492   17504
   17493   17505
   17494   17504
   18266   18278
   18267   18279
   18268   18280
   18269   18279
   18270   18280
   18272   18280
   23277   23287
   23279   23287
KT368896.1
  start     end
   7549   7561
   11414   11422
   12660   12670
   12662   12670
   16298   16308
   16300   16308
   16575   16587
   17489   17501
   17490   17502
   17491   17503
   17492   17504
   17493   17505
   17494   17504
   18266   18278
   18267   18279
   18268   18280
   18269   18279
   18270   18280
   18272   18280
   23277   23287
   23279   23287
KT368895.1
  start     end
   7549   7561
   11414   11422
   12660   12670
   12662   12670
   16298   16308
   16300   16308
   16575   16587
   17489   17501
   17490   17502
   17491   17503
   17492   17504
   17493   17505
   17494   17504
   18266   18278
   18267   18279
   18268   18280
   18269   18279
   18270   18280
   18272   18280
   23277   23287
   23279   23287
KT368894.1
  start     end
   7549   7561
   11414   11422
   12660   12670
   12662   12670
   16298   16308
   16300   16308
   16575   16587
   17489   17501
   17490   17502
   17491   17503
   17492   17504
   17493   17505
   17494   17504
   18266   18278
   18267   18279
   18268   18280
   18269   18279
   18270   18280
   18272   18280
   23277   23287
   23279   23287
KT368893.1
  start     end
   7549   7561
   11414   11422
   12660   12670
   12662   12670
   16298   16308
   16300   16308
   16575   16587
   17489   17501
   17490   17502
   17491   17503
   17492   17504
   17493   17505
   17494   17504
   18266   18278
   18267   18279
   18268   18280
   18269   18279
   18270   18280
   18272   18280
   23277   23287
   23279   23287
KT368892.1
  start     end
   7549   7561
   11414   11422
   12660   12670
   12662   12670
   16298   16308
   16300   16308
   16575   16587
   17489   17501
   17490   17502
   17491   17503
   17492   17504
   17493   17505
   17494   17504
   18266   18278
   18267   18279
   18268   18280
   18269   18279
   18270   18280
   18272   18280
   23277   23287
   23279   23287
JACTAM010002747.1
  start     end
   5789   5799
   5791   5799
   10240   10250
   10242   10250
   10297   10307
   10299   10307
   21556   21568
   22539   22551
   22541   22551
   25456   25468
   29107   29119
   29108   29120
   29109   29121
   29110   29120
   29111   29123
   30196   30208
   30197   30209
   30198   30210
   30199   30211
   30200   30212
   30201   30213
   30454   30466
   30455   30467
   30456   30468
   30457   30469
   30458   30470
   30459   30471
   30460   30472
   30461   30473
   30462   30474
   30463   30475
   30464   30476
   30465   30475
   30466   30476
   30467   30475
   31578   31590
   31579   31591
   31580   31592
   31581   31593
   31582   31592
   31583   31593
   31584   31592
   33059   33071
   33061   33071
MT786446.1
  start     end
   881   889
   8347   8357
   8349   8357
   13159   13171
   13956   13968
   13980   13990
   17238   17250
   17240   17250
   17242   17250
   22180   22188
   26359   26371
   26361   26371
   26829   26841
   26830   26842
   26831   26843
   26832   26844
   26833   26843
   26834   26844
NC_003436.1
  start     end
   1155   1165
   1156   1166
   1157   1165
   1158   1166
   5038   5050
   5039   5051
   5040   5052
   5041   5051
   5042   5052
   5043   5051
   7622   7634
   7624   7636
   10207   10219
   13124   13132
   14234   14246
   14235   14247
   14236   14248
   14237   14249
   14238   14248
   14239   14249
   14240   14248
   16082   16092
   16084   16092
   16722   16732
   16724   16732
   17385   17397
   17387   17397
   17388   17396
   17389   17397
   19920   19932
   19922   19934
   19923   19935
   19924   19934
   19925   19935
   19927   19935
   26547   26559
   26549   26561
   26550   26560
   26551   26561
AF353511.1
  start     end
   1155   1165
   1156   1166
   1157   1165
   1158   1166
   5038   5050
   5039   5051
   5040   5052
   5041   5051
   5042   5052
   5043   5051
   7622   7634
   7624   7636
   10207   10219
   13124   13132
   14234   14246
   14235   14247
   14236   14248
   14237   14249
   14238   14248
   14239   14249
   14240   14248
   16082   16092
   16084   16092
   16722   16732
   16724   16732
   17385   17397
   17387   17397
   17388   17396
   17389   17397
   19920   19932
   19922   19934
   19923   19935
   19924   19934
   19925   19935
   19927   19935
   26547   26559
   26549   26561
   26550   26560
   26551   26561
