Coronavirus HKU15.fas
LC216915.1
  start     end
   5834   5846
   5836   5848
   5837   5849
   5838   5850
   7668   7676
   15817   15827
   15853   15865
   15854   15864
   15855   15865
   15856   15864
   15857   15865
   16243   16251
   16980   16988
LC216914.1
  start     end
   2278   2288
   2280   2288
   5850   5862
   5852   5864
   5853   5865
   5854   5866
   7684   7692
   15833   15843
   15869   15881
   15870   15880
   15871   15881
   15872   15880
   15873   15881
   16259   16267
   16441   16453
   16443   16453
   16445   16453
   16996   17004
MN200481.1
  start     end
   5841   5853
   5843   5855
   5844   5856
   5845   5857
   7675   7683
   15824   15834
   15860   15872
   15861   15871
   15862   15872
   15863   15871
   15864   15872
   16250   16258
   16987   16995
KJ620016.1
  start     end
   2284   2294
   2286   2294
   5856   5868
   5858   5870
   5859   5871
   5860   5872
   7690   7698
   15839   15849
   15875   15887
   15876   15886
   15877   15887
   15878   15886
   15879   15887
   16265   16273
   17002   17010
KJ584359.1
  start     end
   2284   2294
   2286   2294
   5856   5868
   5858   5870
   5859   5871
   5860   5872
   7690   7698
   15839   15849
   15875   15887
   15876   15886
   15877   15887
   15878   15886
   15879   15887
   16265   16273
   17002   17010
KJ584358.1
  start     end
   2284   2294
   2286   2294
   5856   5868
   5858   5870
   5859   5871
   5860   5872
   7690   7698
   15839   15849
   15875   15887
   15876   15886
   15877   15887
   15878   15886
   15879   15887
   16265   16273
   17002   17010
KJ584357.1
  start     end
   2284   2294
   2286   2294
   5380   5392
   5381   5391
   5382   5392
   5384   5392
   5856   5868
   5858   5870
   5859   5871
   5860   5872
   7690   7698
   15839   15849
   15875   15887
   15876   15886
   15877   15887
   15878   15886
   15879   15887
   16265   16273
   17002   17010
KJ584356.1
  start     end
   2284   2294
   2286   2294
   5856   5868
   5858   5870
   5859   5871
   5860   5872
   7690   7698
   15839   15849
   15875   15887
   15876   15886
   15877   15887
   15878   15886
   15879   15887
   16265   16273
   17002   17010
KJ584355.1
  start     end
   2284   2294
   2286   2294
   5856   5868
   5858   5870
   5859   5871
   5860   5872
   7690   7698
   15839   15849
   15875   15887
   15876   15886
   15877   15887
   15878   15886
   15879   15887
   16265   16273
   17002   17010
KJ569769.1
  start     end
   2284   2294
   2286   2294
   5856   5868
   5858   5870
   5859   5871
   5860   5872
   7690   7698
   15839   15849
   15875   15887
   15876   15886
   15877   15887
   15878   15886
   15879   15887
   16265   16273
   17002   17010
NC_039208.1
  start     end
   2276   2286
   2278   2286
   5847   5859
   5849   5861
   5850   5862
   5851   5863
   7681   7689
   15830   15840
   15866   15878
   15867   15877
   15868   15878
   15869   15877
   15870   15878
   16256   16264
   16993   17001
JQ065043.2
  start     end
   2276   2286
   2278   2286
   5847   5859
   5849   5861
   5850   5862
   5851   5863
   7681   7689
   15830   15840
   15866   15878
   15867   15877
   15868   15878
   15869   15877
   15870   15878
   16256   16264
   16993   17001
JQ065042.2
  start     end
   5849   5861
   5851   5863
   5852   5864
   5853   5865
   7683   7691
   12469   12481
   12471   12481
   15832   15842
   15868   15880
   15869   15879
   15870   15880
   15871   15879
   15872   15880
   16258   16266
   16995   17003
KT381613.1
  start     end
   2284   2294
   2286   2294
   5856   5868
   5858   5870
   5859   5871
   5860   5872
   7690   7698
   15839   15849
   15875   15887
   15876   15886
   15877   15887
   15878   15886
   15879   15887
   16265   16273
   17002   17010
KM012168.1
  start     end
   2273   2283
   2275   2283
   5845   5857
   5847   5859
   5848   5860
   5849   5861
   7679   7687
   15828   15838
   15864   15876
   15865   15875
   15866   15876
   15867   15875
   15868   15876
   16254   16262
   16991   16999
KJ462462.1
  start     end
   2284   2294
   2286   2294
   5856   5868
   5858   5870
   5859   5871
   5860   5872
   7690   7698
   15839   15849
   15875   15887
   15876   15886
   15877   15887
   15878   15886
   15879   15887
   16265   16273
   17002   17010
OK649355.1
  start     end
   2284   2294
   2286   2294
   5856   5868
   5858   5870
   5859   5871
   5860   5872
   7690   7698
   15839   15849
   15875   15887
   15876   15886
   15877   15887
   15878   15886
   15879   15887
   17002   17010
   22067   22077
OM047182.1
  start     end
   5841   5853
   5843   5855
   5844   5856
   5845   5857
   7675   7683
   15824   15834
   15859   15871
   15860   15872
   15861   15871
   15862   15872
   15863   15871
   15864   15872
   15865   15871
   16250   16258
   16987   16995
OP566509.1
  start     end
   2276   2288
   2277   2289
   2278   2288
   2279   2289
   2280   2288
   5850   5862
   5852   5864
   5853   5865
   5854   5866
   7684   7692
   15833   15843
   15869   15881
   15870   15880
   15871   15881
   15872   15880
   15873   15881
   16259   16267
   16996   17004
MT260150.1
  start     end
   2284   2294
   2286   2294
   5856   5868
   5858   5870
   5859   5871
   5860   5872
   7690   7698
   15079   15091
   15081   15091
   15839   15849
   15875   15887
   15876   15886
   15877   15887
   15878   15886
   15879   15887
   16265   16273
   17002   17010
MT260149.1
  start     end
   2284   2294
   2286   2294
   5856   5868
   5858   5870
   5859   5871
   5860   5872
   7690   7698
   15079   15091
   15081   15091
   15839   15849
   15875   15887
   15876   15886
   15877   15887
   15878   15886
   15879   15887
   16265   16273
   17002   17010
ON859973.1
  start     end
   5856   5868
   5858   5870
   5859   5871
   5860   5872
   7690   7698
   15840   15850
   15876   15888
   15877   15887
   15878   15888
   15879   15887
   15880   15888
   16266   16274
   17003   17011
ON402372.1
  start     end
   2284   2294
   2286   2294
   5856   5868
   5858   5870
   5859   5871
   5860   5872
   7690   7698
   15079   15091
   15081   15091
   15839   15849
   15875   15887
   15876   15886
   15877   15887
   15878   15886
   15879   15887
   16265   16273
   17002   17010
ON382562.1
  start     end
   2283   2293
   2285   2293
   5855   5867
   5857   5869
   5858   5870
   5859   5871
   7689   7697
   15079   15091
   15081   15091
   15839   15849
   15875   15887
   15876   15886
   15877   15887
   15878   15886
   15879   15887
   16265   16273
   17002   17010
ON968724.1
  start     end
   5882   5894
   5884   5896
   5885   5897
   5886   5898
   7716   7724
   15865   15875
   15901   15913
   15902   15912
   15903   15913
   15904   15912
   15905   15913
   16291   16299
   17028   17036
MZ388474.1
  start     end
   5841   5853
   5843   5855
   5844   5856
   5845   5857
   7675   7683
   15824   15834
   15860   15872
   15861   15871
   15862   15872
   15863   15871
   15864   15872
   16250   16258
   16987   16995
MZ388473.1
  start     end
   5818   5830
   5820   5832
   5821   5833
   5822   5834
   7652   7660
   15801   15811
   15837   15849
   15838   15848
   15839   15849
   15840   15848
   15841   15849
   16227   16235
   16964   16972
MZ388472.1
  start     end
   5841   5853
   5843   5855
   5844   5856
   5845   5857
   7675   7683
   12461   12473
   12463   12473
   15824   15834
   15860   15872
   15861   15871
   15862   15872
   15863   15871
   15864   15872
   16250   16258
   16987   16995
   22049   22059
MZ388471.1
  start     end
   5841   5853
   5843   5855
   5844   5856
   5845   5857
   7675   7683
   12461   12473
   12463   12473
   15824   15834
   15860   15872
   15861   15871
   15862   15872
   15863   15871
   15864   15872
   16250   16258
   16987   16995
   22049   22059
MZ388470.1
  start     end
   5841   5853
   5843   5855
   5844   5856
   5845   5857
   7675   7683
   12461   12473
   12463   12473
   15824   15834
   15860   15872
   15861   15871
   15862   15872
   15863   15871
   15864   15872
   16250   16258
   16987   16995
   22049   22059
MZ388469.1
  start     end
   5840   5852
   5842   5854
   5843   5855
   5844   5856
   7674   7682
   12460   12472
   12462   12472
   15823   15833
   15859   15871
   15860   15870
   15861   15871
   15862   15870
   15863   15871
   16249   16257
   16986   16994
ON494594.1
  start     end
   2276   2288
   2277   2289
   2278   2288
   2279   2289
   2280   2288
   5826   5838
   5828   5840
   5829   5841
   5830   5842
   7660   7668
   15809   15819
   15845   15857
   15846   15856
   15847   15857
   15848   15856
   15849   15857
   16235   16243
   16972   16980
MH700629.1
  start     end
   5837   5849
   5839   5851
   5840   5852
   5841   5853
   7671   7679
   12458   12470
   12460   12470
   15821   15831
   16247   16255
   16426   16438
   16428   16438
   16430   16438
   16984   16992
MH700628.1
  start     end
   5838   5850
   5840   5852
   5841   5853
   5842   5854
   7672   7680
   12459   12471
   12461   12471
   15822   15832
   15858   15870
   15859   15869
   15860   15870
   15861   15869
   15862   15870
   16248   16256
   16985   16993
   22050   22060
MH700627.1
  start     end
   5837   5849
   5839   5851
   5840   5852
   5841   5853
   7671   7679
   12458   12470
   12460   12470
   15820   15830
   15821   15831
   15822   15830
   15823   15831
   16247   16255
   16426   16438
   16428   16438
   16430   16438
   16984   16992
OL900393.1
  start     end
   5841   5853
   5843   5855
   5844   5856
   5845   5857
   7675   7683
   15824   15834
   15859   15871
   15860   15872
   15861   15871
   15862   15872
   15863   15871
   15864   15872
   15865   15871
   16250   16258
   16987   16995
MW816149.1
  start     end
   2284   2294
   2286   2294
   5856   5868
   5858   5870
   5859   5871
   5860   5872
   7690   7698
   15839   15849
   15875   15887
   15876   15886
   15877   15887
   15878   15886
   15879   15887
   16265   16273
   17002   17010
OM777140.1
  start     end
   2254   2264
   2256   2264
   5826   5838
   5828   5840
   5829   5841
   5830   5842
   7660   7668
   15809   15819
   15845   15857
   15846   15856
   15847   15857
   15848   15856
   15849   15857
   16235   16243
   16972   16980
OM256446.1
  start     end
   5850   5862
   5852   5864
   5853   5865
   5854   5866
   7684   7692
   15833   15843
   15869   15881
   15870   15880
   15871   15881
   15872   15880
   15873   15881
   16259   16267
   16996   17004
MZ772936.1
  start     end
   2276   2288
   2277   2289
   2278   2288
   2279   2289
   2280   2288
   5850   5862
   5852   5864
   5853   5865
   5854   5866
   7684   7692
   15833   15843
   15869   15881
   15870   15880
   15871   15881
   15872   15880
   15873   15881
   16259   16267
   16996   17004
MZ802777.1
  start     end
   5841   5853
   5843   5855
   5844   5856
   5845   5857
   7675   7683
   12462   12474
   12464   12474
   15825   15835
   16251   16259
   16988   16996
MZ802776.1
  start     end
   5837   5849
   5839   5851
   5840   5852
   5841   5853
   7671   7679
   12458   12470
   12460   12470
   15821   15831
   16247   16255
   16426   16438
   16428   16438
   16430   16438
   16984   16992
MZ802775.1
  start     end
   5837   5849
   5839   5851
   5840   5852
   5841   5853
   7671   7679
   12458   12470
   12460   12470
   15821   15831
   16247   16255
   16426   16438
   16428   16438
   16430   16438
   16984   16992
MZ802774.1
  start     end
   5838   5850
   5840   5852
   5841   5853
   5842   5854
   7672   7680
   12459   12471
   12461   12471
   15821   15831
   15822   15832
   15823   15831
   15824   15832
   16248   16256
   16427   16439
   16429   16439
   16431   16439
   16985   16993
MZ802773.1
  start     end
   5838   5850
   5840   5852
   5841   5853
   5842   5854
   7672   7680
   12459   12471
   12461   12471
   15821   15831
   15822   15832
   15823   15831
   15824   15832
   16248   16256
   16427   16439
   16429   16439
   16431   16439
   16985   16993
MZ802772.1
  start     end
   5838   5850
   5840   5852
   5841   5853
   5842   5854
   7672   7680
   12459   12471
   12461   12471
   15821   15831
   15822   15832
   15823   15831
   15824   15832
   16248   16256
   16427   16439
   16429   16439
   16431   16439
   16985   16993
OK546242.1
  start     end
   5850   5862
   5852   5864
   5853   5865
   5854   5866
   7684   7692
   15833   15843
   15869   15881
   15870   15880
   15871   15881
   15872   15880
   15873   15881
   16259   16267
   16996   17004
MN520209.1
  start     end
   2290   2300
   2292   2300
   5862   5874
   5864   5876
   5865   5877
   5866   5878
   7696   7704
   15845   15855
   15881   15893
   15882   15892
   15883   15893
   15884   15892
   15885   15893
   16271   16279
   17008   17016
   22070   22080
MN520208.1
  start     end
   5850   5862
   5852   5864
   5853   5865
   5854   5866
   7684   7692
   15830   15840
   15866   15878
   15867   15877
   15868   15878
   15869   15877
   15870   15878
   16256   16264
   16993   17001
   22132   22142
   22134   22142
MN520207.1
  start     end
   5850   5862
   5852   5864
   5853   5865
   5854   5866
   7684   7692
   15829   15839
   15865   15877
   15866   15876
   15867   15877
   15868   15876
   15869   15877
   16255   16263
   16992   17000
   22130   22140
   22132   22140
MN520206.1
  start     end
   2285   2295
   2287   2295
   5857   5869
   5859   5871
   5860   5872
   5861   5873
   7691   7699
   15840   15850
   15876   15888
   15877   15887
   15878   15888
   15879   15887
   15880   15888
   16266   16274
   17003   17011
MN520205.1
  start     end
   2285   2295
   2287   2295
   5857   5869
   5859   5871
   5860   5872
   5861   5873
   7691   7699
   15840   15850
   15876   15888
   15877   15887
   15878   15888
   15879   15887
   15880   15888
   16266   16274
   17003   17011
MN520204.1
  start     end
   5850   5862
   5852   5864
   5853   5865
   5854   5866
   7684   7692
   15832   15842
   15868   15880
   15869   15879
   15870   15880
   15871   15879
   15872   15880
   16258   16266
   16440   16452
   16442   16452
   16444   16452
   16995   17003
MN520203.1
  start     end
   2284   2294
   2286   2294
   5856   5868
   5858   5870
   5859   5871
   5860   5872
   7690   7698
   15837   15847
   15873   15885
   15874   15884
   15875   15885
   15876   15884
   15877   15885
   16263   16271
   17000   17008
MN520202.1
  start     end
   2286   2296
   2288   2296
   5382   5394
   5383   5393
   5384   5394
   5386   5394
   5858   5870
   5860   5872
   5861   5873
   5862   5874
   7692   7700
   15841   15851
   15877   15889
   15878   15888
   15879   15889
   15880   15888
   15881   15889
   16267   16275
   16449   16461
   16451   16461
   16453   16461
   17004   17012
MN520201.1
  start     end
   2284   2294
   2286   2294
   5856   5868
   5858   5870
   5859   5871
   5860   5872
   7690   7698
   15839   15849
   15875   15887
   15876   15886
   15877   15887
   15878   15886
   15879   15887
   16265   16273
   17002   17010
MN520200.1
  start     end
   5841   5853
   5843   5855
   5844   5856
   5845   5857
   7675   7683
   15824   15834
   15860   15872
   15861   15871
   15862   15872
   15863   15871
   15864   15872
   16250   16258
   16987   16995
MN520199.1
  start     end
   5842   5854
   5844   5856
   5845   5857
   5846   5858
   7676   7684
   15824   15834
   15860   15872
   15861   15871
   15862   15872
   15863   15871
   15864   15872
   16250   16258
   16987   16995
MN520198.1
  start     end
   2285   2295
   2287   2295
   5857   5869
   5859   5871
   5860   5872
   5861   5873
   7691   7699
   15840   15850
   15876   15888
   15877   15887
   15878   15888
   15879   15887
   15880   15888
   16266   16274
   17003   17011
MN520197.1
  start     end
   5841   5853
   5843   5855
   5844   5856
   5845   5857
   7675   7683
   15824   15834
   15860   15872
   15861   15871
   15862   15872
   15863   15871
   15864   15872
   16250   16258
   16987   16995
MN520196.1
  start     end
   5841   5853
   5843   5855
   5844   5856
   5845   5857
   7675   7683
   15824   15834
   15860   15872
   15861   15871
   15862   15872
   15863   15871
   15864   15872
   16250   16258
   16987   16995
MN520195.1
  start     end
   5841   5853
   5843   5855
   5844   5856
   5845   5857
   7675   7683
   15824   15834
   15860   15872
   15861   15871
   15862   15872
   15863   15871
   15864   15872
   16250   16258
   16987   16995
MN520194.1
  start     end
   2285   2295
   2287   2295
   5857   5869
   5859   5871
   5860   5872
   5861   5873
   15840   15850
   15876   15888
   15877   15887
   15878   15888
   15879   15887
   15880   15888
   16266   16274
   17003   17011
MN520193.1
  start     end
   5842   5854
   5844   5856
   5845   5857
   5846   5858
   7676   7684
   15825   15835
   15861   15873
   15862   15872
   15863   15873
   15864   15872
   15865   15873
   16251   16259
   16988   16996
MN520192.1
  start     end
   2285   2295
   2287   2295
   5857   5869
   5859   5871
   5860   5872
   5861   5873
   15840   15850
   15876   15888
   15877   15887
   15878   15888
   15879   15887
   15880   15888
   16266   16274
   17003   17011
MN520191.1
  start     end
   2256   2266
   2258   2266
   5828   5840
   5830   5842
   5831   5843
   5832   5844
   7662   7670
   15811   15821
   15847   15859
   15848   15858
   15849   15859
   15850   15858
   15851   15859
   16237   16245
   16974   16982
MN520190.1
  start     end
   2284   2294
   2286   2294
   5856   5868
   5858   5870
   5859   5871
   5860   5872
   7690   7698
   15839   15849
   15875   15887
   15876   15886
   15877   15887
   15878   15886
   15879   15887
   16265   16273
   17002   17010
MT663769.1
  start     end
   2284   2294
   2286   2294
   5856   5868
   5858   5870
   5859   5871
   5860   5872
   7690   7698
   15839   15849
   15875   15887
   15876   15886
   15877   15887
   15878   15886
   15879   15887
   16265   16273
   17002   17010
MZ802955.1
  start     end
   2265   2275
   2267   2275
   5837   5849
   5839   5851
   5840   5852
   5841   5853
   7671   7679
   15820   15830
   15856   15868
   15857   15867
   15858   15868
   15859   15867
   15860   15868
   16246   16254
   16983   16991
MW854634.1
  start     end
   2282   2292
   2284   2292
   5854   5866
   5856   5868
   5857   5869
   5858   5870
   7688   7696
   15837   15847
   15873   15885
   15874   15884
   15875   15885
   15876   15884
   15877   15885
   16263   16271
   17000   17008
MZ291567.1
  start     end
   2276   2286
   2278   2286
   5848   5860
   5850   5862
   5851   5863
   5852   5864
   7682   7690
   15831   15841
   15867   15879
   15868   15878
   15869   15879
   15870   15878
   15871   15879
   16257   16265
   16994   17002
MW685624.1
  start     end
   2284   2294
   2286   2294
   5856   5868
   5858   5870
   5859   5871
   5860   5872
   7690   7698
   15839   15849
   15875   15887
   15876   15886
   15877   15887
   15878   15886
   15879   15887
   16265   16273
   17002   17010
MW685623.1
  start     end
   2284   2294
   2286   2294
   5856   5868
   5858   5870
   5859   5871
   5860   5872
   7690   7698
   11541   11551
   11543   11551
   15839   15849
   15875   15887
   15876   15886
   15877   15887
   15878   15886
   15879   15887
   16265   16273
   17002   17010
MW685622.1
  start     end
   2284   2294
   2286   2294
   5856   5868
   5858   5870
   5859   5871
   5860   5872
   7690   7698
   15839   15849
   15875   15887
   15876   15886
   15877   15887
   15878   15886
   15879   15887
   16265   16273
   17002   17010
MT227371.1
  start     end
   2225   2235
   2227   2235
   5797   5809
   5799   5811
   5800   5812
   5801   5813
   7631   7639
   15780   15790
   15816   15828
   15817   15827
   15818   15828
   15819   15827
   15820   15828
   16206   16214
   16943   16951
MH118333.1
  start     end
   5841   5853
   5843   5855
   5844   5856
   5845   5857
   7675   7683
   12461   12473
   12463   12473
   15824   15834
   15860   15872
   15861   15871
   15862   15872
   15863   15871
   15864   15872
   16250   16258
   16987   16995
MH118332.1
  start     end
   5837   5849
   5839   5851
   5840   5852
   5841   5853
   7671   7679
   12457   12469
   12459   12469
   15820   15830
   16246   16254
   16425   16437
   16427   16437
   16429   16437
   16983   16991
MH118331.1
  start     end
   5841   5853
   5843   5855
   5844   5856
   5845   5857
   7675   7683
   12461   12473
   12463   12473
   15824   15834
   15860   15872
   15861   15871
   15862   15872
   15863   15871
   15864   15872
   16250   16258
   16987   16995
MK625641.1
  start     end
   2284   2294
   2286   2294
   5856   5868
   5858   5870
   5859   5871
   5860   5872
   7690   7698
   15839   15849
   15875   15887
   15876   15886
   15877   15887
   15878   15886
   15879   15887
   16265   16273
   17002   17010
MK625640.1
  start     end
   2284   2294
   2286   2294
   5856   5868
   5858   5870
   5859   5871
   5860   5872
   7690   7698
   15839   15849
   15875   15887
   15876   15886
   15877   15887
   15878   15886
   15879   15887
   16265   16273
   17002   17010
MK625639.1
  start     end
   2284   2294
   2286   2294
   5856   5868
   5858   5870
   5859   5871
   5860   5872
   7690   7698
   15839   15849
   15875   15887
   15876   15886
   15877   15887
   15878   15886
   15879   15887
   16265   16273
   17002   17010
MK625638.1
  start     end
   2284   2294
   2286   2294
   5856   5868
   5858   5870
   5859   5871
   5860   5872
   7690   7698
   15839   15849
   15875   15887
   15876   15886
   15877   15887
   15878   15886
   15879   15887
   16265   16273
   17002   17010
MW196362.1
  start     end
   2284   2294
   2286   2294
   5856   5868
   5858   5870
   5859   5871
   5860   5872
   7690   7698
   15839   15849
   15875   15887
   15876   15886
   15877   15887
   15878   15886
   15879   15887
   16265   16273
   17002   17010
MN942260.1
  start     end
   2276   2288
   2277   2289
   2278   2288
   2279   2289
   2280   2288
   5850   5862
   5852   5864
   5853   5865
   5854   5866
   7684   7692
   15786   15796
   15822   15834
   15823   15833
   15824   15834
   15825   15833
   15826   15834
   16212   16220
   16949   16957
MN781985.1
  start     end
   2282   2292
   2284   2292
   5850   5862
   5852   5864
   5853   5865
   5854   5866
   7684   7692
   15833   15843
   15869   15881
   15870   15880
   15871   15881
   15872   15880
   15873   15881
   16259   16267
   16996   17004
MK359104.1
  start     end
   5841   5853
   5843   5855
   5844   5856
   5845   5857
   7675   7683
   15824   15834
   15860   15872
   15861   15871
   15862   15872
   15863   15871
   15864   15872
   16250   16258
   16987   16995
MN173782.1
  start     end
   5841   5853
   5843   5855
   5844   5856
   5845   5857
   7675   7683
   15824   15834
   15860   15872
   15861   15871
   15862   15872
   15863   15871
   15864   15872
   16250   16258
   16987   16995
MN173780.1
  start     end
   5841   5853
   5843   5855
   5844   5856
   5845   5857
   7675   7683
   15824   15834
   15860   15872
   15861   15871
   15862   15872
   15863   15871
   15864   15872
   16250   16258
   16987   16995
MN173781.1
  start     end
   5840   5852
   5842   5854
   5843   5855
   5844   5856
   7674   7682
   15823   15833
   15859   15871
   15860   15870
   15861   15871
   15862   15870
   15863   15871
   16249   16257
   16986   16994
   22051   22061
MN173779.1
  start     end
   5841   5853
   5843   5855
   5844   5856
   5845   5857
   7675   7683
   15824   15834
   15860   15872
   15861   15871
   15862   15872
   15863   15871
   15864   15872
   16250   16258
   16987   16995
MT263013.1
  start     end
   5844   5856
   5846   5858
   5847   5859
   5848   5860
   7678   7686
   15828   15838
   15864   15876
   15865   15875
   15866   15876
   15867   15875
   15868   15876
   16254   16262
   16991   16999
KX361345.1
  start     end
   5838   5850
   5840   5852
   5841   5853
   5842   5854
   7672   7680
   12459   12471
   12461   12471
   15821   15831
   15822   15832
   15823   15831
   15824   15832
   16248   16256
   16427   16439
   16429   16439
   16431   16439
   16985   16993
KX361344.1
  start     end
   5841   5853
   5843   5855
   5844   5856
   5845   5857
   7675   7683
   12462   12474
   12464   12474
   15825   15835
   16251   16259
   16988   16996
KX361343.1
  start     end
   5841   5853
   5843   5855
   5844   5856
   5845   5857
   7675   7683
   12462   12474
   12464   12474
   15825   15835
   16251   16259
   16988   16996
MH025764.1
  start     end
   2284   2294
   2286   2294
   5856   5868
   5858   5870
   5859   5871
   5860   5872
   7690   7698
   15839   15849
   15875   15887
   15876   15886
   15877   15887
   15878   15886
   15879   15887
   16265   16273
   17002   17010
MH025763.1
  start     end
   2284   2294
   2286   2294
   5856   5868
   5858   5870
   5859   5871
   5860   5872
   7690   7698
   15839   15849
   15875   15887
   15876   15886
   15877   15887
   15878   15886
   15879   15887
   16265   16273
   17002   17010
MH025762.1
  start     end
   2284   2294
   2286   2294
   5856   5868
   5858   5870
   5859   5871
   5860   5872
   7690   7698
   15838   15848
   15874   15886
   15875   15885
   15876   15886
   15877   15885
   15878   15886
   16264   16272
   17001   17009
MN025260.1
  start     end
   5840   5852
   5842   5854
   5843   5855
   5844   5856
   7674   7682
   12460   12472
   12462   12472
   15823   15833
   15859   15871
   15860   15870
   15861   15871
   15862   15870
   15863   15871
   16249   16257
   16986   16994
   22051   22061
KX998969.1
  start     end
   5841   5853
   5843   5855
   5844   5856
   5845   5857
   7675   7683
   12461   12473
   12463   12473
   15824   15834
   15860   15872
   15861   15871
   15862   15872
   15863   15871
   15864   15872
   16250   16258
   16987   16995
MK993519.1
  start     end
   5829   5841
   5831   5843
   5832   5844
   5833   5845
   7663   7671
   15812   15822
   15848   15860
   15849   15859
   15850   15860
   15851   15859
   15852   15860
   16238   16246
   16975   16983
MN249445.1
  start     end
   2276   2288
   2277   2289
   2278   2288
   2279   2289
   2280   2288
   5850   5862
   5852   5864
   5853   5865
   5854   5866
   7684   7692
   15833   15843
   15869   15881
   15870   15880
   15871   15881
   15872   15880
   15873   15881
   16259   16267
   16996   17004
MK330605.1
  start     end
   5850   5862
   5852   5864
   5853   5865
   5854   5866
   7684   7692
   15833   15843
   15869   15881
   15870   15880
   15871   15881
   15872   15880
   15873   15881
   16259   16267
   16996   17004
MK330604.1
  start     end
   5850   5862
   5852   5864
   5853   5865
   5854   5866
   7684   7692
   15833   15843
   15869   15881
   15870   15880
   15871   15881
   15872   15880
   15873   15881
   16259   16267
   16996   17004
MK572803.1
  start     end
   5850   5862
   5852   5864
   5853   5865
   5854   5866
   7684   7692
   15833   15843
   15869   15881
   15870   15880
   15871   15881
   15872   15880
   15873   15881
   16259   16267
   16996   17004
MK355396.1
  start     end
   5850   5862
   5852   5864
   5853   5865
   5854   5866
   7684   7692
   15833   15843
   15869   15881
   15870   15880
   15871   15881
   15872   15880
   15873   15881
   16259   16267
   16996   17004
MK211169.1
  start     end
   5850   5862
   5852   5864
   5853   5865
   5854   5866
   7684   7692
   15836   15846
   15872   15884
   15873   15883
   15874   15884
   15875   15883
   15876   15884
   16262   16270
   16999   17007
MK005882.1
  start     end
   5850   5862
   5852   5864
   5853   5865
   5854   5866
   7684   7692
   15833   15843
   15869   15881
   15870   15880
   15871   15881
   15872   15880
   15873   15881
   16259   16267
   16996   17004
KX443143.2
  start     end
   5841   5853
   5843   5855
   5844   5856
   5845   5857
   7675   7683
   15824   15834
   15860   15872
   15861   15871
   15862   15872
   15863   15871
   15864   15872
   16250   16258
   16987   16995
MH715491.1
  start     end
   2284   2294
   2286   2294
   5856   5868
   5858   5870
   5859   5871
   5860   5872
   7690   7698
   15839   15849
   15875   15887
   15876   15886
   15877   15887
   15878   15886
   15879   15887
   16265   16273
   16447   16459
   16449   16459
   16451   16459
   17002   17010
MG832584.1
  start     end
   2284   2294
   2286   2294
   5856   5868
   5858   5870
   5859   5871
   5860   5872
   7690   7698
   15839   15849
   15875   15887
   15876   15886
   15877   15887
   15878   15886
   15879   15887
   16265   16273
   17002   17010
MH708125.1
  start     end
   2284   2294
   2286   2294
   5856   5868
   5858   5870
   5859   5871
   5860   5872
   7690   7698
   15079   15091
   15081   15091
   15839   15849
   15875   15887
   15876   15886
   15877   15887
   15878   15886
   15879   15887
   16265   16273
   17002   17010
MH708124.1
  start     end
   2284   2294
   2286   2294
   5856   5868
   5858   5870
   5859   5871
   5860   5872
   7690   7698
   15079   15091
   15081   15091
   15839   15849
   15875   15887
   15876   15886
   15877   15887
   15878   15886
   15879   15887
   16265   16273
   17002   17010
MH708123.1
  start     end
   2284   2294
   2286   2294
   5856   5868
   5858   5870
   5859   5871
   5860   5872
   7690   7698
   15079   15091
   15081   15091
   15839   15849
   15875   15887
   15876   15886
   15877   15887
   15878   15886
   15879   15887
   16265   16273
   17002   17010
KY293678.1
  start     end
   2284   2294
   2286   2294
   5856   5868
   5857   5869
   5858   5870
   5859   5871
   5860   5872
   7690   7698
   15839   15849
   15875   15887
   15876   15886
   15877   15887
   15878   15886
   15879   15887
   16265   16273
   17002   17010
MF642325.1
  start     end
   5856   5868
   5858   5870
   5859   5871
   5860   5872
   7145   7153
   7147   7153
   7690   7698
   12476   12488
   12478   12488
   15839   15849
   15875   15887
   15876   15886
   15877   15887
   15878   15886
   15879   15887
   16265   16273
   17002   17010
MF642324.1
  start     end
   5856   5868
   5858   5870
   5859   5871
   5860   5872
   5861   5873
   7145   7153
   7147   7153
   7690   7698
   12476   12488
   12478   12488
   15839   15849
   15875   15887
   15876   15886
   15877   15887
   15878   15886
   15879   15887
   16265   16273
   17002   17010
MF642323.1
  start     end
   5856   5868
   5858   5870
   5859   5871
   5860   5872
   7145   7153
   7147   7153
   7690   7698
   12476   12488
   12478   12488
   15839   15849
   15875   15887
   15876   15886
   15877   15887
   15878   15886
   15879   15887
   16265   16273
   17002   17010
MF642322.1
  start     end
   5856   5868
   5858   5870
   5859   5871
   5860   5872
   7145   7153
   7147   7153
   7690   7698
   12476   12488
   12478   12488
   15839   15849
   15875   15887
   15876   15886
   15877   15887
   15878   15886
   15879   15887
   16265   16273
   17002   17010
MG837131.1
  start     end
   2284   2294
   2286   2294
   5856   5868
   5858   5870
   5859   5871
   5860   5872
   7690   7698
   15839   15849
   15875   15887
   15876   15886
   15877   15887
   15878   15886
   15879   15887
   16265   16273
   17002   17010
MG837130.1
  start     end
   2284   2294
   2286   2294
   5856   5868
   5858   5870
   5859   5871
   5860   5872
   7690   7698
   15839   15849
   15875   15887
   15876   15886
   15877   15887
   15878   15886
   15879   15887
   16265   16273
   17002   17010
MG242062.1
  start     end
   2276   2288
   2277   2289
   2278   2288
   2279   2289
   2280   2288
   5850   5862
   5852   5864
   5853   5865
   5854   5866
   7684   7692
   15833   15843
   15869   15881
   15870   15880
   15871   15881
   15872   15880
   15873   15881
   16259   16267
   16996   17004
LC260044.1
  start     end
   2231   2241
   2233   2241
   5803   5815
   5805   5817
   5806   5818
   5807   5819
   7637   7645
   15786   15796
   15822   15834
   15823   15833
   15824   15834
   15825   15833
   15826   15834
   16212   16220
   16949   16957
LC260043.1
  start     end
   2231   2241
   2233   2241
   5803   5815
   5805   5817
   5806   5818
   5807   5819
   7637   7645
   15786   15796
   15822   15834
   15823   15833
   15824   15834
   15825   15833
   15826   15834
   16212   16220
   16949   16957
LC260042.1
  start     end
   2231   2241
   2233   2241
   5803   5815
   5805   5817
   5806   5818
   5807   5819
   7637   7645
   15786   15796
   15822   15834
   15823   15833
   15824   15834
   15825   15833
   15826   15834
   16212   16220
   16949   16957
LC260041.1
  start     end
   2231   2241
   2233   2241
   5803   5815
   5805   5817
   5806   5818
   5807   5819
   7637   7645
   15786   15796
   15822   15834
   15823   15833
   15824   15834
   15825   15833
   15826   15834
   16212   16220
   16949   16957
LC260040.1
  start     end
   2231   2241
   2233   2241
   5803   5815
   5805   5817
   5806   5818
   5807   5819
   7637   7645
   15786   15796
   15822   15834
   15823   15833
   15824   15834
   15825   15833
   15826   15834
   16212   16220
   16949   16957
LC260039.1
  start     end
   2231   2241
   2233   2241
   5803   5815
   5805   5817
   5806   5818
   5807   5819
   7637   7645
   15786   15796
   15822   15834
   15823   15833
   15824   15834
   15825   15833
   15826   15834
   16212   16220
   16949   16957
LC260038.1
  start     end
   2231   2241
   2233   2241
   5803   5815
   5805   5817
   5806   5818
   5807   5819
   7637   7645
   15786   15796
   15822   15834
   15823   15833
   15824   15834
   15825   15833
   15826   15834
   16212   16220
   16949   16957
MF280390.1
  start     end
   2267   2277
   2269   2277
   5839   5851
   5841   5853
   5842   5854
   5843   5855
   7673   7681
   15822   15832
   15858   15870
   15859   15869
   15860   15870
   15861   15869
   15862   15870
   16248   16256
   16985   16993
MF041982.1
  start     end
   2276   2288
   2277   2289
   2278   2288
   2279   2289
   2280   2288
   5850   5862
   5852   5864
   5853   5865
   5854   5866
   7684   7692
   15833   15843
   15869   15881
   15870   15880
   15871   15881
   15872   15880
   15873   15881
   16259   16267
   16996   17004
KY513725.1
  start     end
   2284   2294
   2286   2294
   5856   5868
   5858   5870
   5859   5871
   5860   5872
   7690   7698
   15839   15849
   15875   15887
   15876   15886
   15877   15887
   15878   15886
   15879   15887
   16265   16273
   17002   17010
KY513724.1
  start     end
   2278   2288
   2280   2288
   5850   5862
   5852   5864
   5853   5865
   5854   5866
   12470   12482
   12472   12482
   15833   15843
   15869   15881
   15870   15880
   15871   15881
   15872   15880
   15873   15881
   16259   16267
   16441   16453
   16443   16453
   16445   16453
   16996   17004
KY363868.1
  start     end
   2265   2275
   2267   2275
   5837   5849
   5839   5851
   5840   5852
   5841   5853
   7671   7679
   15820   15830
   15856   15868
   15857   15867
   15858   15868
   15859   15867
   15860   15868
   16246   16254
   16983   16991
KY363867.1
  start     end
   2266   2276
   2268   2276
   5838   5850
   5840   5852
   5841   5853
   5842   5854
   7672   7680
   15821   15831
   15857   15869
   15858   15868
   15859   15869
   15860   15868
   15861   15869
   16247   16255
   16984   16992
   22049   22059
KU665558.1
  start     end
   2284   2294
   2286   2294
   5856   5868
   5858   5870
   5859   5871
   5860   5872
   7690   7698
   15839   15849
   16265   16273
   17002   17010
MF948005.1
  start     end
   2285   2295
   2287   2295
   5857   5869
   5859   5871
   5860   5872
   5861   5873
   15836   15846
   15872   15884
   15873   15883
   15874   15884
   15875   15883
   15876   15884
   16262   16270
   16999   17007
MF095123.1
  start     end
   2284   2294
   2286   2294
   5847   5859
   5849   5861
   5850   5862
   5851   5863
   7681   7689
   15830   15840
   15866   15878
   15867   15877
   15868   15878
   15869   15877
   15870   15878
   16256   16264
   16993   17001
KY926512.1
  start     end
   2284   2294
   2286   2294
   5856   5868
   5858   5870
   5859   5871
   5860   5872
   7690   7698
   14867   14875
   15839   15849
   15875   15887
   15876   15886
   15877   15887
   15878   15886
   15879   15887
   16265   16273
   17002   17010
MF431743.1
  start     end
   2276   2288
   2277   2289
   2278   2288
   2279   2289
   2280   2288
   5850   5862
   5852   5864
   5853   5865
   5854   5866
   7684   7692
   15833   15843
   15869   15881
   15870   15880
   15871   15881
   15872   15880
   15873   15881
   16259   16267
   16996   17004
MF431742.1
  start     end
   2284   2294
   2286   2294
   5856   5868
   5858   5870
   5859   5871
   5860   5872
   7690   7698
   15839   15849
   15875   15887
   15876   15886
   15877   15887
   15878   15886
   15879   15887
   16265   16273
   17002   17010
KY293677.1
  start     end
   2284   2294
   2286   2294
   5856   5868
   5858   5870
   5859   5871
   5860   5872
   7690   7698
   15839   15849
   15875   15887
   15876   15886
   15877   15887
   15878   15886
   15879   15887
   16265   16273
   17002   17010
LC260045.1
  start     end
   2231   2241
   2233   2241
   5800   5812
   5802   5814
   5803   5815
   5804   5816
   7634   7642
   9177   9189
   9178   9190
   9179   9189
   9180   9190
   15025   15035
   15783   15793
   15819   15831
   15820   15830
   15821   15831
   15822   15830
   15823   15831
   16209   16217
   16946   16954
KY364365.1
  start     end
   2284   2294
   2286   2294
   5856   5868
   5858   5870
   5859   5871
   5860   5872
   7690   7698
   15839   15849
   15875   15887
   15876   15886
   15877   15887
   15878   15886
   15879   15887
   16265   16273
   17002   17010
KY354364.1
  start     end
   2284   2294
   2286   2294
   5856   5868
   5858   5870
   5859   5871
   5860   5872
   7690   7698
   15839   15849
   15875   15887
   15876   15886
   15877   15887
   15878   15886
   15879   15887
   16265   16273
   17002   17010
KY354363.1
  start     end
   2284   2294
   2286   2294
   5856   5868
   5858   5870
   5859   5871
   5860   5872
   7690   7698
   15839   15849
   15875   15887
   15876   15886
   15877   15887
   15878   15886
   15879   15887
   16265   16273
   17002   17010
KX834352.1
  start     end
   5838   5850
   5840   5852
   5841   5853
   5842   5854
   7672   7680
   12458   12470
   12460   12470
   15821   15831
   15857   15869
   15858   15868
   15859   15869
   15860   15868
   15861   15869
   16247   16255
   16984   16992
   22049   22059
KX834351.1
  start     end
   5838   5850
   5840   5852
   5841   5853
   5842   5854
   7672   7680
   12458   12470
   12460   12470
   15821   15831
   15857   15869
   15858   15868
   15859   15869
   15860   15868
   15861   15869
   16247   16255
   16984   16992
   22049   22059
KY065120.1
  start     end
   2277   2287
   2279   2287
   5849   5861
   5851   5863
   5852   5864
   5853   5865
   7683   7691
   15832   15842
   15868   15880
   15869   15879
   15870   15880
   15871   15879
   15872   15880
   16258   16266
   16995   17003
KX118627.1
  start     end
   5837   5849
   5839   5851
   5840   5852
   5841   5853
   7671   7679
   12457   12469
   12459   12469
   15820   15830
   16246   16254
   16425   16437
   16427   16437
   16429   16437
   16983   16991
KX022605.1
  start     end
   2256   2266
   2258   2266
   5828   5840
   5830   5842
   5831   5843
   5832   5844
   7662   7670
   15811   15821
   15847   15859
   15848   15858
   15849   15859
   15850   15858
   15851   15859
   16237   16245
   16974   16982
KX022604.1
  start     end
   2256   2266
   2258   2266
   5828   5840
   5830   5842
   5831   5843
   5832   5844
   7662   7670
   15811   15821
   15847   15859
   15848   15858
   15849   15859
   15850   15858
   15851   15859
   16237   16245
   16974   16982
KX022603.1
  start     end
   2256   2266
   2258   2266
   5828   5840
   5830   5842
   5831   5843
   5832   5844
   7662   7670
   15811   15821
   15847   15859
   15848   15858
   15849   15859
   15850   15858
   15851   15859
   16237   16245
   16974   16982
KX022602.1
  start     end
   2256   2266
   2258   2266
   5828   5840
   5830   5842
   5831   5843
   5832   5844
   7662   7670
   15811   15821
   15847   15859
   15848   15858
   15849   15859
   15850   15858
   15851   15859
   16237   16245
   16974   16982
KU984334.1
  start     end
   5838   5850
   5840   5852
   5841   5853
   5842   5854
   7672   7680
   12458   12470
   12460   12470
   15821   15831
   16247   16255
   16426   16438
   16428   16438
   16430   16438
   16984   16992
KU981062.1
  start     end
   2285   2295
   2287   2295
   5857   5869
   5859   5871
   5860   5872
   5861   5873
   15840   15850
   15876   15888
   15877   15887
   15878   15888
   15879   15887
   15880   15888
   16266   16274
   17003   17011
KU981061.1
  start     end
   2285   2295
   2287   2295
   5857   5869
   5859   5871
   5860   5872
   5861   5873
   15840   15850
   15876   15888
   15877   15887
   15878   15888
   15879   15887
   15880   15888
   16266   16274
   17003   17011
KU981060.1
  start     end
   2285   2295
   2287   2295
   5857   5869
   5859   5871
   5860   5872
   5861   5873
   15840   15850
   15876   15888
   15877   15887
   15878   15888
   15879   15887
   15880   15888
   16266   16274
   17003   17011
KU981059.1
  start     end
   2285   2295
   2287   2295
   5857   5869
   5859   5871
   5860   5872
   5861   5873
   15840   15850
   15876   15888
   15877   15887
   15878   15888
   15879   15887
   15880   15888
   16266   16274
   17003   17011
KU051649.1
  start     end
   5837   5849
   5839   5851
   5840   5852
   5841   5853
   7671   7679
   12457   12469
   12459   12469
   15820   15830
   16246   16254
   16425   16437
   16427   16437
   16429   16437
   16983   16991
KU051641.1
  start     end
   5837   5849
   5839   5851
   5840   5852
   5841   5853
   7671   7679
   12457   12469
   12459   12469
   15820   15830
   16246   16254
   16425   16437
   16427   16437
   16429   16437
   16983   16991
KR265865.1
  start     end
   2256   2266
   2258   2266
   5828   5840
   5830   5842
   5831   5843
   5832   5844
   7662   7670
   15811   15821
   15847   15859
   15848   15858
   15849   15859
   15850   15858
   15851   15859
   16237   16245
   16974   16982
KR265864.1
  start     end
   2255   2265
   2257   2265
   5827   5839
   5829   5841
   5830   5842
   5831   5843
   7661   7669
   15846   15858
   15847   15857
   15848   15858
   15849   15857
   15850   15858
   16236   16244
   16973   16981
KR265863.1
  start     end
   2256   2266
   2258   2266
   5828   5840
   5830   5842
   5831   5843
   5832   5844
   7662   7670
   15811   15821
   15847   15859
   15848   15858
   15849   15859
   15850   15858
   15851   15859
   16237   16245
   16974   16982
KR265862.1
  start     end
   2254   2264
   2256   2264
   5825   5837
   5827   5839
   5828   5840
   5829   5841
   7659   7667
   15807   15817
   15843   15855
   15844   15854
   15845   15855
   15846   15854
   15847   15855
   16233   16241
   16970   16978
KR265861.1
  start     end
   2256   2266
   2258   2266
   5828   5840
   5830   5842
   5831   5843
   5832   5844
   7662   7670
   15811   15821
   15847   15859
   15848   15858
   15849   15859
   15850   15858
   15851   15859
   16237   16245
   16974   16982
KR265860.1
  start     end
   2256   2266
   2258   2266
   5828   5840
   5830   5842
   5831   5843
   5832   5844
   7662   7670
   15810   15820
   15846   15858
   15847   15857
   15848   15858
   15849   15857
   15850   15858
   16236   16244
   16973   16981
KR265859.1
  start     end
   2256   2266
   2258   2266
   5828   5840
   5830   5842
   5831   5843
   5832   5844
   7662   7670
   15810   15820
   15846   15858
   15847   15857
   15848   15858
   15849   15857
   15850   15858
   16236   16244
   16973   16981
KR265858.1
  start     end
   2256   2266
   2258   2266
   5828   5840
   5830   5842
   5831   5843
   5832   5844
   7662   7670
   15811   15821
   15847   15859
   15848   15858
   15849   15859
   15850   15858
   15851   15859
   16237   16245
   16974   16982
KR265857.1
  start     end
   2256   2266
   2258   2266
   5828   5840
   5830   5842
   5831   5843
   5832   5844
   7662   7670
   15811   15821
   15847   15859
   15848   15858
   15849   15859
   15850   15858
   15851   15859
   16237   16245
   16974   16982
KR265856.1
  start     end
   2256   2266
   2258   2266
   5828   5840
   5830   5842
   5831   5843
   5832   5844
   7662   7670
   15811   15821
   15847   15859
   15848   15858
   15849   15859
   15850   15858
   15851   15859
   16237   16245
   16974   16982
KR265855.1
  start     end
   2256   2266
   2258   2266
   5828   5840
   5830   5842
   5831   5843
   5832   5844
   7662   7670
   15811   15821
   15847   15859
   15848   15858
   15849   15859
   15850   15858
   15851   15859
   16237   16245
   16974   16982
KR265854.1
  start     end
   2256   2266
   2258   2266
   5828   5840
   5830   5842
   5831   5843
   5832   5844
   7662   7670
   15811   15821
   15847   15859
   15848   15858
   15849   15859
   15850   15858
   15851   15859
   16237   16245
   16974   16982
KR265853.1
  start     end
   5828   5840
   5830   5842
   5831   5843
   5832   5844
   7662   7670
   15811   15821
   15847   15859
   15848   15858
   15849   15859
   15850   15858
   15851   15859
   16237   16245
   16974   16982
KR265852.1
  start     end
   2256   2266
   2258   2266
   5828   5840
   5830   5842
   5831   5843
   5832   5844
   7662   7670
   15811   15821
   15847   15859
   15848   15858
   15849   15859
   15850   15858
   15851   15859
   16237   16245
   16974   16982
KR265851.1
  start     end
   2256   2266
   2258   2266
   5828   5840
   5830   5842
   5831   5843
   5832   5844
   7662   7670
   15811   15821
   15847   15859
   15848   15858
   15849   15859
   15850   15858
   15851   15859
   16237   16245
   16974   16982
KR265850.1
  start     end
   2256   2266
   2258   2266
   5828   5840
   5830   5842
   5831   5843
   5832   5844
   7662   7670
   15811   15821
   15847   15859
   15848   15858
   15849   15859
   15850   15858
   15851   15859
   16237   16245
   16974   16982
KR265849.1
  start     end
   2256   2266
   2258   2266
   5828   5840
   5830   5842
   5831   5843
   5832   5844
   7662   7670
   15811   15821
   15847   15859
   15848   15858
   15849   15859
   15850   15858
   15851   15859
   16237   16245
   16974   16982
KR265848.1
  start     end
   2256   2266
   2258   2266
   5828   5840
   5830   5842
   5831   5843
   5832   5844
   7662   7670
   15811   15821
   15847   15859
   15848   15858
   15849   15859
   15850   15858
   15851   15859
   16237   16245
   16974   16982
KR265847.1
  start     end
   2256   2266
   2258   2266
   5828   5840
   5830   5842
   5831   5843
   5832   5844
   7662   7670
   15811   15821
   15847   15859
   15848   15858
   15849   15859
   15850   15858
   15851   15859
   16237   16245
   16974   16982
KR150443.1
  start     end
   2261   2271
   2263   2271
   5833   5845
   5835   5847
   5836   5848
   5837   5849
   7667   7675
   15815   15825
   15851   15863
   15852   15862
   15853   15863
   15854   15862
   15855   15863
   16241   16249
   16978   16986
KT336560.1
  start     end
   2284   2294
   2286   2294
   5856   5868
   5858   5870
   5859   5871
   5860   5872
   7690   7698
   15839   15849
   15875   15887
   15876   15886
   15877   15887
   15878   15886
   15879   15887
   16265   16273
   17002   17010
KP757892.1
  start     end
   2284   2294
   2286   2294
   5856   5868
   5858   5870
   5859   5871
   5860   5872
   7690   7698
   15839   15849
   15875   15887
   15876   15886
   15877   15887
   15878   15886
   15879   15887
   16265   16273
   17002   17010
KP757891.1
  start     end
   2284   2294
   2286   2294
   5856   5868
   5858   5870
   5859   5871
   5860   5872
   7690   7698
   15839   15849
   15875   15887
   15876   15886
   15877   15887
   15878   15886
   15879   15887
   16265   16273
   17002   17010
KP757890.1
  start     end
   5856   5868
   5858   5870
   5859   5871
   5860   5872
   7145   7153
   7147   7153
   7690   7698
   12476   12488
   12478   12488
   15839   15849
   15875   15887
   15876   15886
   15877   15887
   15878   15886
   15879   15887
   16265   16273
   17002   17010
KT021234.1
  start     end
   2284   2294
   2286   2294
   5856   5868
   5858   5870
   5859   5871
   5860   5872
   7690   7698
   15839   15849
   15875   15887
   15876   15886
   15877   15887
   15878   15886
   15879   15887
   16265   16273
   16447   16459
   16449   16459
   16451   16459
   17002   17010
KT266822.1
  start     end
   5841   5853
   5843   5855
   5844   5856
   5845   5857
   7675   7683
   15824   15834
   15860   15872
   15861   15871
   15862   15872
   15863   15871
   15864   15872
   16250   16258
   16987   16995
KR131621.1
  start     end
   2284   2294
   2286   2294
   5856   5868
   5858   5870
   5859   5871
   5860   5872
   7690   7698
   15839   15849
   15875   15887
   15876   15886
   15877   15887
   15878   15886
   15879   15887
   16265   16273
   16447   16459
   16449   16459
   16451   16459
   17002   17010
KJ769231.1
  start     end
   2284   2294
   2286   2294
   5856   5868
   5858   5870
   5859   5871
   5860   5872
   7690   7698
   15839   15849
   15875   15887
   15876   15886
   15877   15887
   15878   15886
   15879   15887
   16265   16273
   17002   17010
KJ567050.1
  start     end
   2284   2294
   2286   2294
   5856   5868
   5858   5870
   5859   5871
   5860   5872
   7690   7698
   15839   15849
   15875   15887
   15876   15886
   15877   15887
   15878   15886
   15879   15887
   16265   16273
   17002   17010
KP981395.1
  start     end
   2284   2294
   2286   2294
   5856   5868
   5858   5870
   5859   5871
   5860   5872
   7690   7698
   15839   15849
   15875   15887
   15876   15886
   15877   15887
   15878   15886
   15879   15887
   16265   16273
   17002   17010
KM820765.1
  start     end
   2284   2294
   2286   2294
   5856   5868
   5858   5870
   5859   5871
   5860   5872
   7690   7698
   15839   15849
   15875   15887
   15876   15886
   15877   15887
   15878   15886
   15879   15887
   16265   16273
   17002   17010
KJ601780.1
  start     end
   2266   2276
   2268   2276
   5838   5850
   5840   5852
   5841   5853
   5842   5854
   7672   7680
   15821   15831
   15857   15869
   15858   15868
   15859   15869
   15860   15868
   15861   15869
   16247   16255
   16984   16992
KJ601779.1
  start     end
   2266   2276
   2268   2276
   5838   5850
   5840   5852
   5841   5853
   5842   5854
   7672   7680
   15821   15831
   15857   15869
   15858   15868
   15859   15869
   15860   15868
   15861   15869
   16247   16255
   16984   16992
KJ601778.1
  start     end
   2266   2276
   2268   2276
   5837   5849
   5839   5851
   5840   5852
   5841   5853
   7671   7679
   15820   15830
   15856   15868
   15857   15867
   15858   15868
   15859   15867
   15860   15868
   16246   16254
   16983   16991
KJ601777.1
  start     end
   2265   2275
   2267   2275
   5837   5849
   5839   5851
   5840   5852
   5841   5853
   7671   7679
   11539   11551
   11540   11552
   11541   11553
   11542   11554
   11543   11553
   11544   11554
   15819   15829
   15855   15867
   15856   15866
   15857   15867
   15858   15866
   15859   15867
   16245   16253
   16982   16990
KJ481931.1
  start     end
   2266   2276
   2268   2276
   5838   5850
   5840   5852
   5841   5853
   5842   5854
   7672   7680
   15821   15831
   15857   15869
   15858   15868
   15859   15869
   15860   15868
   15861   15869
   16247   16255
   16984   16992
