Bulbul coronavirus HKU11.fas
NC_011547.1
  start     end
   9722   9730
   15776   15786
   15777   15787
   15778   15786
   17060   17068
   21183   21193
   21184   21194
   21185   21193
   21186   21194
FJ376619.2
  start     end
   9722   9730
   15776   15786
   15777   15787
   15778   15786
   17060   17068
   21183   21193
   21184   21194
   21185   21193
   21186   21194
FJ376620.1
  start     end
   9716   9724
   15771   15781
   21174   21184
   21175   21185
   21176   21184
   21177   21185
