Human coronavirus HKU1.fas
ON128616.1
  start     end
   4555   4563
   13368   13380
   13369   13379
   13370   13380
ON128615.1
  start     end
   4555   4563
   13368   13380
   13369   13379
   13370   13380
ON128614.1
  start     end
   4555   4563
   13368   13380
   13369   13379
   13370   13380
ON128613.1
  start     end
   4555   4563
   13368   13380
   13369   13379
   13370   13380
ON128612.1
  start     end
   4375   4383
   13188   13200
   13189   13199
   13190   13200
ON128611.1
  start     end
   4375   4383
   13188   13200
   13189   13199
   13190   13200
ON128610.1
  start     end
   4375   4383
   13188   13200
   13189   13199
   13190   13200
ON128609.1
  start     end
   4375   4383
   13188   13200
   13189   13199
   13190   13200
MH940245.1
  start     end
   4483   4491
   13296   13308
   13297   13307
   13298   13308
HM034837.1
  start     end
   4547   4555
   13360   13372
   13361   13371
   13362   13372
OK073086.1
  start     end
   4577   4585
   13390   13402
   13391   13401
   13392   13402
OK073085.1
  start     end
   4610   4618
   13423   13435
   13424   13434
   13425   13435
LC315651.2
  start     end
   4568   4576
   13381   13393
   13382   13392
   13383   13393
ON729317.1
  start     end
   4435   4443
   13248   13260
   13249   13259
   13250   13260
KY983584.1
  start     end
   4589   4597
   13402   13414
   13403   13413
   13404   13414
LC654449.1
  start     end
   4569   4577
   13382   13394
   13383   13393
   13384   13394
LC654448.1
  start     end
   4574   4582
   13387   13399
   13388   13398
   13389   13399
LC654447.1
  start     end
   4572   4580
   13385   13397
   13386   13396
   13387   13397
LC687393.1
  start     end
   4138   4146
   12951   12963
   12952   12962
   12953   12963
OL770286.1
  start     end
   4516   4524
   13328   13340
   13329   13339
   13330   13340
OL770285.1
  start     end
   4578   4586
   13391   13403
   13392   13402
   13393   13403
MW587043.1
  start     end
LC315650.2
  start     end
   4445   4453
   13258   13270
   13259   13269
   13260   13270
KY674943.1
  start     end
   4565   4573
   13378   13390
   13379   13389
   13380   13390
KY674942.1
  start     end
   4565   4573
   13378   13390
   13379   13389
   13380   13390
KY674941.1
  start     end
   4133   4141
   12946   12958
   12947   12957
   12948   12958
KY674921.1
  start     end
   4557   4565
   13370   13382
   13371   13381
   13372   13382
NC_006577.2
  start     end
   4583   4591
   13396   13408
   13397   13407
   13398   13408
MK167038.1
  start     end
   4580   4588
   13393   13405
   13394   13404
   13395   13405
KT779556.1
  start     end
   4544   4552
   13357   13369
   13358   13368
   13359   13369
KT779555.1
  start     end
   4544   4552
   13357   13369
   13358   13368
   13359   13369
KF686346.1
  start     end
   4663   4671
   13476   13488
   13477   13487
   13478   13488
KF686344.1
  start     end
   4375   4383
   13188   13200
   13189   13199
   13190   13200
KF686343.1
  start     end
   4663   4671
   13476   13488
   13477   13487
   13478   13488
KF686342.1
  start     end
   4423   4431
   13236   13248
   13237   13247
   13238   13248
KF686341.1
  start     end
   4513   4521
   13326   13338
   13327   13337
   13328   13338
KF686340.1
  start     end
   4603   4611
   13416   13428
   13417   13427
   13418   13428
KF686345.1
  start     end
   4528   4536
   13337   13349
   13338   13348
   13339   13349
KF686339.1
  start     end
   4497   4505
   13310   13322
   13311   13321
   13312   13322
KF686338.1
  start     end
   4468   4476
   13281   13293
   13282   13292
   13283   13293
KF430202.1
  start     end
   4453   4461
   13266   13278
   13267   13277
   13268   13278
KF430200.1
  start     end
KF430199.1
  start     end
   4404   4412
   13215   13227
   13216   13226
   13217   13227
KF430196.1
  start     end
   4453   4461
   13262   13274
   13263   13273
   13264   13274
KF430201.1
  start     end
   4618   4626
   13431   13443
   13432   13442
   13433   13443
KF850450.2
  start     end
   4530   4538
   13343   13355
   13344   13354
   13345   13355
AY597011.2
  start     end
   4583   4591
   13396   13408
   13397   13407
   13398   13408
DQ415914.1
  start     end
   4544   4552
   13357   13369
   13358   13368
   13359   13369
DQ415913.1
  start     end
   4457   4465
   9602   9612
   13270   13282
   13271   13281
   13272   13282
DQ415912.1
  start     end
   4517   4525
   9662   9672
   13330   13342
   13331   13341
   13332   13342
DQ415911.1
  start     end
   4574   4582
   13387   13399
   13388   13398
   13389   13399
DQ415910.1
  start     end
   4454   4462
   13267   13279
   13268   13278
   13269   13279
DQ415909.1
  start     end
   4424   4432
   13237   13249
   13238   13248
   13239   13249
DQ415908.1
  start     end
   4604   4612
   13417   13429
   13418   13428
   13419   13429
DQ415907.1
  start     end
   4544   4552
   13357   13369
   13358   13368
   13359   13369
DQ415906.1
  start     end
   4514   4522
   13327   13339
   13328   13338
   13329   13339
DQ415905.1
  start     end
   4514   4522
   13327   13339
   13328   13338
   13329   13339
DQ415904.1
  start     end
   4214   4222
   13027   13039
   13028   13038
   13029   13039
DQ415903.1
  start     end
   4577   4585
   13390   13402
   13391   13401
   13392   13402
DQ415902.1
  start     end
   4517   4525
DQ415901.1
  start     end
   4754   4762
   13567   13579
   13568   13578
   13569   13579
DQ415900.1
  start     end
   4469   4477
   13282   13294
   13283   13293
   13284   13294
DQ415899.1
  start     end
   4577   4585
   9722   9732
   13390   13402
   13391   13401
   13392   13402
DQ415898.1
  start     end
   4487   4495
   9632   9642
   13300   13312
   13301   13311
   13302   13312
DQ415897.1
  start     end
   4517   4525
   9662   9672
   13330   13342
   13331   13341
   13332   13342
DQ415896.1
  start     end
   4517   4525
   13330   13342
   13331   13341
   13332   13342
AY884001.1
  start     end
   4487   4495
   13300   13312
   13301   13311
   13302   13312
DQ339101.1
  start     end
   4427   4435
   9572   9582
   13240   13252
   13241   13251
   13242   13252
