Human coronavirus NL63.fas
OK073076.1
  start     end
   2251   2263
   4169   4177
   16081   16093
   16082   16094
   16083   16095
   16085   16095
   17001   17013
   17003   17013
   26303   26313
   27445   27457
   27446   27458
   27450   27458
   27452   27458
OK073075.1
  start     end
   2247   2259
   4165   4173
   16077   16089
   16078   16090
   16079   16091
   16081   16091
   16997   17009
   16999   17009
   17185   17197
   17187   17197
   26296   26306
MK334047.1
  start     end
   2248   2260
   4166   4174
   16078   16090
   16079   16091
   16080   16092
   16082   16092
   16998   17010
   17000   17010
   17186   17198
   17188   17198
   26297   26307
   27439   27451
   27440   27452
   27444   27452
   27446   27452
MK334046.1
  start     end
   2247   2259
   4165   4173
   16077   16089
   16078   16090
   16079   16091
   16081   16091
   16997   17009
   16999   17009
   17185   17197
   17187   17197
   26296   26306
   27438   27450
   27439   27451
   27443   27451
   27445   27451
MK334045.1
  start     end
   4180   4188
   15900   15910
   15902   15910
   16095   16107
   16096   16108
   16097   16109
   16099   16109
   17015   17027
   17017   17027
   26316   26326
   27458   27470
   27459   27471
   27463   27471
   27465   27471
MK334044.1
  start     end
   4180   4188
   15897   15907
   15899   15907
   16092   16104
   16093   16105
   16094   16106
   16096   16106
   17012   17024
   17014   17024
   26311   26321
   27453   27465
   27454   27466
   27458   27466
   27460   27466
MK334043.1
  start     end
   4180   4188
   15897   15907
   15899   15907
   16092   16104
   16093   16105
   16094   16106
   16096   16106
   17012   17024
   17014   17024
   26311   26321
   27453   27465
   27454   27466
   27456   27466
   27458   27466
   27460   27466
MG428707.1
  start     end
   2253   2265
   4150   4158
   16062   16074
   16063   16075
   16064   16076
   16066   16076
   16982   16994
   16984   16994
   26284   26294
   27429   27441
   27430   27442
   27432   27442
   27434   27442
   27436   27442
MG428706.1
  start     end
   2176   2188
   4073   4081
   15985   15997
   15986   15998
   15987   15999
   15989   15999
   16905   16917
   16907   16917
   26207   26217
   27352   27364
   27353   27365
   27355   27365
   27357   27365
   27359   27365
MG428705.1
  start     end
   2313   2325
   4210   4218
   16122   16134
   16123   16135
   16124   16136
   16126   16136
   17042   17054
   17044   17054
   26344   26354
MG428704.1
  start     end
   2346   2358
   4243   4251
   16155   16167
   16156   16168
   16157   16169
   16159   16169
   17075   17087
   17077   17087
   26377   26387
   27523   27535
   27524   27536
   27526   27536
   27528   27536
   27530   27536
   27745   27757
   27746   27758
   27748   27758
   27750   27758
   27752   27758
MG428703.1
  start     end
   2357   2369
   4254   4262
   16166   16178
   16167   16179
   16168   16180
   16170   16180
   17086   17098
   17088   17098
   26388   26398
   27536   27548
   27537   27549
   27539   27549
   27541   27549
   27543   27549
MG428702.1
  start     end
   2373   2385
   4270   4278
   16182   16194
   16183   16195
   16184   16196
   16186   16196
   17102   17114
   17104   17114
   26404   26414
   27546   27558
   27547   27559
   27549   27559
   27551   27559
   27553   27559
MG428701.1
  start     end
   2352   2364
   4249   4257
   16161   16173
   16162   16174
   16163   16175
   16165   16175
   17081   17093
   17083   17093
   26383   26393
   27530   27542
   27531   27543
   27533   27543
   27535   27543
   27537   27543
MG428700.1
  start     end
   2364   2376
   4261   4269
   16173   16185
   16174   16186
   16175   16187
   16177   16187
   17093   17105
   17095   17105
   26395   26405
   27542   27554
   27543   27555
   27545   27555
   27547   27555
   27549   27555
MG428699.1
  start     end
   2244   2256
   4141   4149
   16053   16065
   16054   16066
   16055   16067
   16057   16067
   16973   16985
   16975   16985
   26275   26285
   27422   27434
   27423   27435
   27425   27435
   27427   27435
   27429   27435
MG772808.1
  start     end
   2251   2263
   4169   4177
   16081   16093
   16082   16094
   16083   16095
   16085   16095
   17001   17013
   17003   17013
   17189   17201
   17191   17201
   26300   26310
KX179500.1
  start     end
   4184   4192
   16096   16108
   16097   16109
   16098   16110
   16100   16110
   17016   17028
   17018   17028
   26318   26328
   27460   27472
   27461   27473
   27463   27473
   27465   27473
   27467   27473
JX504050.1
  start     end
   4184   4192
   16096   16108
   16097   16109
   16098   16110
   16100   16110
   17016   17028
   17018   17028
   26318   26328
   27460   27472
   27461   27473
   27465   27473
   27467   27473
JX104161.1
  start     end
   2251   2263
   4169   4177
   16080   16092
   16081   16093
   16082   16094
   16084   16094
   17000   17012
   17002   17012
   26302   26312
   27444   27456
   27445   27457
   27447   27457
   27449   27457
   27451   27457
DQ445912.1
  start     end
   2251   2263
   4169   4177
   16081   16093
   16082   16094
   16083   16095
   16085   16095
   17001   17013
   17003   17013
   26300   26310
   27442   27454
   27443   27455
   27447   27455
   27449   27455
DQ445911.1
  start     end
   197   209
   199   209
   2251   2263
   4184   4192
   16096   16108
   16097   16109
   16098   16110
   16100   16110
   17016   17028
   17018   17028
   26315   26325
   27457   27469
   27458   27470
   27462   27470
   27464   27470
LC654455.1
  start     end
   4153   4161
   15870   15880
   15872   15880
   16065   16077
   16066   16078
   16067   16079
   16069   16079
   16985   16997
   16987   16997
   26284   26294
   27426   27438
   27427   27439
   27431   27439
   27433   27439
LC720428.1
  start     end
   2245   2257
   4163   4171
   16075   16087
   16076   16088
   16077   16089
   16079   16089
   16995   17007
   16997   17007
   26294   26304
   27436   27448
   27437   27449
   27441   27449
   27443   27449
KY983586.1
  start     end
   4138   4146
   16050   16062
   16051   16063
   16052   16064
   16054   16064
   16970   16982
   16972   16982
   26269   26279
   27411   27423
   27412   27424
   27416   27424
   27418   27424
MZ682627.1
  start     end
   2219   2231
   4137   4145
   16049   16061
   16050   16062
   16051   16063
   16053   16063
   16969   16981
   16971   16981
   17157   17169
   17159   17169
   26268   26278
MH828488.1
  start     end
   4184   4192
   16096   16108
   16097   16109
   16098   16110
   16100   16110
   17016   17028
   17018   17028
   17204   17216
   17206   17216
   26318   26328
MH828487.1
  start     end
   2251   2263
   4184   4192
   16096   16108
   16097   16109
   16098   16110
   16100   16110
   17016   17028
   17018   17028
   26318   26328
   27460   27472
   27461   27473
   27463   27473
   27465   27473
   27467   27473
LC687402.1
  start     end
   4184   4192
   15901   15911
   15903   15911
   16096   16108
   16097   16109
   16098   16110
   16100   16110
   17016   17028
   17018   17028
   26315   26325
   27457   27469
   27458   27470
   27462   27470
   27464   27470
LC687401.1
  start     end
   4184   4192
   15901   15911
   15903   15911
   16096   16108
   16097   16109
   16098   16110
   16100   16110
   17016   17028
   17018   17028
   26315   26325
   27457   27469
   27458   27470
   27462   27470
   27464   27470
LC687397.1
  start     end
   4178   4186
   15895   15905
   15897   15905
   16090   16102
   16091   16103
   16092   16104
   16094   16104
   17010   17022
   17012   17022
   26309   26319
   27451   27463
   27452   27464
   27456   27464
   27458   27464
LC687396.1
  start     end
   2244   2256
   4177   4185
   16089   16101
   16090   16102
   16091   16103
   16093   16103
   17009   17021
   17011   17021
   26308   26318
   27450   27462
   27451   27463
   27455   27463
   27457   27463
LC687395.1
  start     end
   4177   4185
   15894   15904
   15896   15904
   16089   16101
   16090   16102
   16091   16103
   16093   16103
   17009   17021
   17011   17021
   26308   26318
   27450   27462
   27451   27463
   27455   27463
   27457   27463
LC687394.1
  start     end
   4139   4147
   15856   15866
   15858   15866
   16051   16063
   16052   16064
   16053   16065
   16055   16065
   16971   16983
   16973   16983
   26270   26280
   27412   27424
   27413   27425
   27417   27425
   27419   27425
MW587039.1
  start     end
   2245   2257
   4163   4171
   15873   15883
   15875   15883
   16068   16080
   16069   16081
   16070   16080
   16072   16080
   16988   17000
   16990   17000
   17176   17188
   17178   17188
   26286   26296
   27428   27440
   27429   27441
   27433   27441
   27435   27441
OK625405.1
  start     end
   2204   2216
   4122   4130
   16034   16046
   16035   16047
   16036   16048
   16038   16048
   16954   16966
   16956   16966
   17142   17154
   17144   17154
   26253   26263
NC_005831.2
  start     end
   4184   4192
   16096   16108
   16097   16109
   16098   16110
   16100   16110
   17016   17028
   17018   17028
   26318   26328
   27460   27472
   27461   27473
   27465   27473
   27467   27473
MW202338.1
  start     end
   2242   2254
   4160   4168
   15877   15887
   15879   15887
   16072   16084
   16073   16085
   16074   16086
   16076   16086
   16992   17004
   16994   17004
MW202337.1
  start     end
   4177   4185
   15894   15904
   15896   15904
   16089   16101
   16090   16102
   16091   16103
   16093   16103
   17009   17021
   17011   17021
   26308   26318
   27450   27462
   27451   27463
   27455   27463
   27457   27463
LC488390.2
  start     end
   4167   4175
   16079   16091
   16080   16092
   16081   16093
   16083   16093
   16999   17011
   17001   17011
   26298   26308
   27440   27452
   27441   27453
   27445   27453
   27447   27453
LC488389.2
  start     end
   2242   2254
   4173   4181
   16085   16097
   16086   16098
   16087   16099
   16089   16099
   17005   17017
   17007   17017
   17193   17205
   17195   17205
   26249   26259
   27391   27403
   27392   27404
   27396   27404
   27398   27404
KY829118.1
  start     end
   4144   4152
   16056   16068
   16057   16069
   16058   16070
   16060   16070
   16976   16988
   16978   16988
   27420   27432
   27421   27433
   27423   27433
   27425   27433
   27427   27433
KY554971.1
  start     end
   4184   4192
   16096   16108
   16097   16109
   16098   16110
   16100   16110
   17016   17028
   17018   17028
   27460   27472
   27461   27473
   27463   27473
   27465   27473
   27467   27473
KY554970.1
  start     end
   4171   4179
   16083   16095
   16084   16096
   16085   16097
   16087   16097
   17003   17015
   17005   17015
   26305   26315
   27447   27459
   27448   27460
   27452   27460
   27454   27460
KY554969.1
  start     end
   4140   4148
   16052   16064
   16053   16065
   16054   16066
   16056   16066
   16972   16984
   16974   16984
   27416   27428
   27417   27429
   27419   27429
   27421   27429
   27423   27429
KY554968.1
  start     end
   4154   4162
   16066   16078
   16067   16079
   16068   16080
   16070   16080
   16986   16998
   16988   16998
   26288   26298
   27430   27442
   27431   27443
   27435   27443
   27437   27443
KY554967.1
  start     end
   4154   4162
   16066   16078
   16067   16079
   16068   16080
   16070   16080
   16986   16998
   16988   16998
   26288   26298
   27430   27442
   27431   27443
   27435   27443
   27437   27443
KY674916.1
  start     end
   4132   4140
   16044   16056
   16045   16057
   16046   16058
   16048   16058
   16964   16976
   16966   16976
   26266   26276
   27408   27420
   27409   27421
   27413   27421
   27415   27421
KY674915.1
  start     end
   4094   4102
   16006   16018
   16007   16019
   16008   16020
   16010   16020
   16926   16938
   16928   16938
   26228   26238
MT118694.1
  start     end
   2126   2138
   4044   4052
   15760   15770
   15762   15770
   15955   15967
   15956   15968
   15957   15969
   15959   15969
   16875   16887
   16877   16887
   26174   26184
   27316   27328
   27317   27329
   27321   27329
   27323   27329
MT118686.1
  start     end
   2172   2184
   4090   4098
   15807   15817
   15809   15817
   16002   16014
   16003   16015
   16004   16016
   16006   16016
   16922   16934
   16924   16934
   26221   26231
   27363   27375
   27364   27376
   27368   27376
   27370   27376
MN306040.1
  start     end
   2251   2263
   4169   4177
   15885   15895
   15887   15895
   16080   16092
   16081   16093
   16082   16094
   16084   16094
   17000   17012
   17002   17012
   26299   26309
   27441   27453
   27442   27454
   27446   27454
   27448   27454
MN306018.1
  start     end
   4139   4147
   15856   15866
   15858   15866
   16051   16063
   16052   16064
   16053   16065
   16055   16065
   16971   16983
   16973   16983
   26270   26280
   27412   27424
   27413   27425
   27417   27425
   27419   27425
MN026166.1
  start     end
   2350   2362
   4268   4276
   16180   16192
   16181   16193
   16182   16194
   16184   16194
   17100   17112
   17102   17112
   17288   17300
   17290   17300
   26413   26423
KU521535.1
  start     end
   4184   4192
   16096   16108
   16097   16109
   16098   16110
   16100   16110
   17016   17028
   17018   17028
   26318   26328
   27460   27472
   27461   27473
   27463   27473
   27465   27473
   27467   27473
KT381875.1
  start     end
   4184   4192
   16096   16108
   16097   16109
   16098   16110
   16100   16110
   17016   17028
   17018   17028
   26318   26328
   27460   27472
   27461   27473
   27463   27473
   27465   27473
   27467   27473
KT266906.1
  start     end
   2251   2263
   4184   4192
   16096   16108
   16097   16109
   16098   16110
   16100   16110
   17016   17028
   17018   17028
   26318   26328
   27460   27472
   27461   27473
   27463   27473
   27465   27473
   27467   27473
AY567487.2
  start     end
   4184   4192
   16096   16108
   16097   16109
   16098   16110
   16100   16110
   17016   17028
   17018   17028
   26318   26328
   27460   27472
   27461   27473
   27465   27473
   27467   27473
KF530114.1
  start     end
   2186   2198
   4119   4127
   16031   16043
   16032   16044
   16033   16045
   16035   16045
   16950   16962
   16951   16963
   16952   16964
   16953   16965
   26250   26260
   27392   27404
   27393   27405
   27397   27405
   27399   27405
KF530113.1
  start     end
   2186   2198
   4119   4127
   16031   16043
   16032   16044
   16033   16045
   16035   16045
   16951   16963
   16953   16965
   26250   26260
   27392   27404
   27393   27405
   27397   27405
   27399   27405
KF530112.1
  start     end
   2186   2198
   4104   4112
   16016   16028
   16017   16029
   16018   16030
   16020   16030
   16936   16948
   16938   16948
   26235   26245
   27377   27389
   27378   27390
   27382   27390
   27384   27390
KF530111.1
  start     end
   2186   2198
   4119   4127
   16031   16043
   16032   16044
   16033   16045
   16035   16045
   16951   16963
   16953   16965
   26250   26260
   27392   27404
   27393   27405
   27397   27405
   27399   27405
KF530110.1
  start     end
   132   144
   134   144
   2186   2198
   4119   4127
   16031   16043
   16032   16044
   16033   16045
   16035   16045
   16951   16963
   16953   16963
   26253   26263
   27395   27407
   27396   27408
   27398   27408
   27400   27408
   27402   27408
KF530109.1
  start     end
   2186   2198
   4119   4127
   16031   16043
   16032   16044
   16033   16045
   16035   16045
   16951   16963
   16953   16965
   26250   26260
   27392   27404
   27393   27405
   27397   27405
   27399   27405
KF530108.1
  start     end
   2186   2198
   4119   4127
   16031   16043
   16032   16044
   16033   16045
   16035   16045
   16951   16963
   16953   16965
   26250   26260
   27392   27404
   27393   27405
   27397   27405
   27399   27405
KF530107.1
  start     end
   2186   2198
   4119   4127
   16031   16043
   16032   16044
   16033   16045
   16035   16045
   16951   16963
   16953   16965
   26250   26260
   27392   27404
   27393   27405
   27397   27405
   27399   27405
KF530106.1
  start     end
   2186   2198
   4110   4118
   16022   16034
   16023   16035
   16024   16036
   16026   16036
   16942   16954
   16944   16956
   26241   26251
   27383   27395
   27384   27396
   27386   27396
   27388   27396
   27390   27396
KF530105.1
  start     end
   4119   4127
   16031   16043
   16032   16044
   16033   16045
   16035   16045
   16951   16963
   16953   16963
   26253   26263
   27395   27407
   27396   27408
   27398   27408
   27400   27408
   27402   27408
KF530104.1
  start     end
   2186   2198
   4119   4127
   16031   16043
   16032   16044
   16033   16045
   16035   16045
   16951   16963
   16953   16965
   26250   26260
   27392   27404
   27393   27405
   27397   27405
   27399   27405
JQ900260.1
  start     end
   16003   16015
   16004   16016
   16005   16017
   16007   16017
   16923   16935
   16925   16935
   26215   26225
   27357   27369
   27358   27370
   27362   27370
   27364   27370
JQ900259.1
  start     end
   4139   4147
   16066   16078
   16067   16079
   16068   16080
   16070   16080
   16862   16872
   16864   16872
   16986   16998
   16988   16998
   26288   26298
   27430   27442
   27431   27443
   27435   27443
   27437   27443
JQ900258.1
  start     end
   3996   4004
   15929   15941
   15930   15942
   15931   15943
   15933   15943
   16848   16860
   16850   16860
   26160   26170
   27302   27314
   27303   27315
   27307   27315
   27309   27315
JQ900257.1
  start     end
   2201   2213
   4119   4127
   16031   16043
   16032   16044
   16033   16045
   16035   16045
   16951   16963
   16953   16963
   26252   26262
   27389   27401
   27390   27402
   27392   27402
   27394   27402
   27396   27402
JQ900256.1
  start     end
   2194   2206
   4112   4120
   16024   16036
   16025   16037
   16026   16038
   16028   16038
   16944   16956
   16946   16956
   26241   26251
   27383   27395
   27384   27396
   27388   27396
   27390   27396
JQ900255.1
  start     end
   4139   4147
   16051   16063
   16052   16064
   16053   16065
   16055   16065
   16971   16983
   16973   16983
   26271   26281
   27413   27425
   27414   27426
   27418   27426
   27420   27426
JQ765575.1
  start     end
   4139   4147
   16051   16063
   16052   16064
   16053   16065
   16055   16065
   16971   16983
   16973   16983
   26273   26283
   27415   27427
   27416   27428
   27420   27428
   27422   27428
JQ765574.1
  start     end
   4139   4147
   16050   16062
   16051   16063
   16052   16064
   16054   16064
   16970   16982
   16972   16982
   26272   26282
   27414   27426
   27415   27427
   27417   27427
   27419   27427
   27421   27427
JQ765573.1
  start     end
   4139   4147
   16051   16063
   16052   16064
   16053   16065
   16055   16065
   16971   16983
   16973   16983
   26273   26283
   27415   27427
   27416   27428
   27420   27428
   27422   27428
JQ765572.1
  start     end
   4139   4147
   16051   16063
   16052   16064
   16053   16065
   16055   16065
   16971   16983
   16973   16983
   27415   27427
   27416   27428
   27418   27428
   27420   27428
   27422   27428
JQ765571.1
  start     end
   4139   4147
   16051   16063
   16052   16064
   16053   16065
   16055   16065
   16971   16983
   16973   16983
   27415   27427
   27416   27428
   27418   27428
   27420   27428
   27422   27428
JQ765570.1
  start     end
   2206   2218
   4124   4132
   16036   16048
   16037   16049
   16038   16050
   16040   16050
   16956   16968
   16958   16968
   26255   26265
   27397   27409
   27398   27410
   27402   27410
   27404   27410
JQ765569.1
  start     end
   2206   2218
   4124   4132
   16036   16048
   16037   16049
   16038   16050
   16040   16050
   16956   16968
   16958   16968
   26255   26265
   27397   27409
   27398   27410
   27402   27410
   27404   27410
JQ765568.1
  start     end
   152   164
   154   164
   4139   4147
   16051   16063
   16052   16064
   16053   16065
   16055   16065
   16971   16983
   16973   16983
   26273   26283
   27415   27427
   27416   27428
   27420   27428
   27422   27428
JQ765567.1
  start     end
   4139   4147
   16051   16063
   16052   16064
   16053   16065
   16055   16065
   16971   16983
   16973   16983
   26272   26282
   27414   27426
   27415   27427
   27419   27427
   27421   27427
JQ765566.1
  start     end
   4139   4147
   16051   16063
   16052   16064
   16053   16065
   16055   16065
   16971   16983
   16973   16983
   26273   26283
   27415   27427
   27416   27428
   27420   27428
   27422   27428
JQ765565.1
  start     end
   2206   2218
   4124   4132
   16036   16048
   16037   16049
   16038   16050
   16040   16050
   16956   16968
   16958   16968
   26255   26265
   27397   27409
   27398   27410
   27402   27410
   27404   27410
JQ765564.1
  start     end
   2206   2218
   4124   4132
   16036   16048
   16037   16049
   16038   16050
   16040   16050
   16956   16968
   16958   16968
   26255   26265
   27397   27409
   27398   27410
   27402   27410
   27404   27410
JQ765563.1
  start     end
   2206   2218
   4124   4132
   16036   16048
   16037   16049
   16038   16050
   16040   16050
   16956   16968
   16958   16968
   26255   26265
   27397   27409
   27398   27410
   27402   27410
   27404   27410
JX524171.1
  start     end
   2251   2263
   4169   4177
   16081   16093
   16082   16094
   16083   16095
   16085   16095
   17001   17013
   17003   17013
   26303   26313
   27445   27457
   27446   27458
   27448   27458
   27450   27458
   27452   27458
DJ009246.1
  start     end
   4184   4192
   16096   16108
   16097   16109
   16098   16110
   16100   16110
   17016   17028
   17018   17028
   26318   26328
   27460   27472
   27461   27473
   27465   27473
   27467   27473
CS124012.1
  start     end
   4184   4192
   16096   16108
   16097   16109
   16098   16110
   16100   16110
   17016   17028
   17018   17028
   26318   26328
   27460   27472
   27461   27473
   27465   27473
   27467   27473
AY518894.1
  start     end
   2252   2264
   4168   4178
   4169   4177
   4170   4178
   16081   16093
   16082   16094
   16083   16095
   16085   16095
   17001   17013
   17003   17013
   26303   26313
   27445   27457
   27446   27458
   27450   27458
   27452   27458
OK073088.1
  start     end
   14   26
   15   27
   16   28
   18   28
   20   28
   1974   1986
   1976   1986
   2446   2456
   2448   2456
   9014   9024
   9016   9024
   13134   13146
   13138   13146
   18146   18158
   18147   18159
   18148   18160
   18149   18161
   18150   18160
   18151   18161
   18152   18164
   18153   18161
   29682   29692
   29684   29692
   30328   30336
OK073092.1
  start     end
   2316   2326
   2318   2326
   8884   8894
   8886   8894
   13004   13016
   13008   13016
   18016   18028
   18017   18029
   18018   18030
   18019   18031
   18020   18030
   18021   18031
   18022   18034
   18023   18031
   29558   29568
   29560   29568
   30201   30209
OK073091.1
  start     end
   13   25
   14   26
   15   27
   16   26
   17   27
   18   28
   2446   2456
   2448   2456
   9014   9024
   9016   9024
   13134   13146
   13138   13146
   18146   18158
   18147   18159
   18148   18160
   18149   18161
   18150   18160
   18151   18161
   18152   18164
   18153   18161
   29688   29698
   29690   29698
   30331   30339
OK073090.1
  start     end
   13   25
   14   26
   15   27
   16   26
   17   27
   18   28
   1974   1986
   1976   1986
   2446   2456
   2448   2456
   9014   9024
   9016   9024
   13134   13146
   13138   13146
   18146   18158
   18147   18159
   18148   18160
   18149   18161
   18150   18160
   18151   18161
   18152   18164
   18153   18161
   29694   29704
   29696   29704
   30340   30348
OK073089.1
  start     end
   13   25
   14   26
   15   27
   16   26
   17   27
   18   28
   1974   1986
   1976   1986
   2446   2456
   2448   2456
   9014   9024
   9016   9024
   13134   13146
   13138   13146
   18146   18158
   18147   18159
   18148   18160
   18149   18161
   18150   18160
   18151   18161
   18152   18164
   18153   18161
   29688   29698
   29690   29698
   30331   30339
OK073087.1
  start     end
   13   25
   14   26
   15   27
   16   28
   17   27
   1974   1986
   1976   1986
   2446   2456
   2448   2456
   9014   9024
   9016   9024
   13134   13146
   13138   13146
   18146   18158
   18147   18159
   18148   18160
   18149   18161
   18150   18160
   18151   18161
   18152   18164
   18153   18161
   29682   29692
   29684   29692
   30328   30336
OK073086.1
  start     end
   4577   4585
   13390   13402
   13391   13401
   13392   13402
OK073085.1
  start     end
   4610   4618
   13423   13435
   13424   13434
   13425   13435
OK073084.1
  start     end
   7498   7510
   11369   11377
   12615   12625
   12617   12625
   14104   14116
   14105   14117
   14106   14118
   14107   14119
   14108   14118
   16253   16263
   16255   16263
   18221   18233
   18222   18234
   23325   23335
OK073083.1
  start     end
   7543   7555
   11414   11422
   12660   12670
   12662   12670
   14149   14161
   14150   14162
   14151   14163
   14152   14164
   14153   14163
   16298   16308
   16300   16308
   18266   18278
   18267   18279
   23370   23380
OK073082.1
  start     end
   7537   7549
   11408   11416
   12654   12664
   12656   12664
   14143   14155
   14144   14156
   14145   14157
   14146   14158
   14147   14157
   16292   16302
   16294   16302
   18260   18272
   18261   18273
   23364   23374
OK073081.1
  start     end
   7543   7555
   11414   11422
   12660   12670
   12662   12670
   14149   14161
   14150   14162
   14151   14163
   14152   14164
   14153   14163
   16298   16308
   16300   16308
   18266   18278
   18267   18279
   23370   23380
OK073080.1
  start     end
   7472   7484
   11343   11351
   12589   12599
   12591   12599
   14078   14090
   14079   14091
   14080   14092
   14081   14093
   14082   14092
   16227   16237
   16229   16237
   18195   18207
   18196   18208
   23299   23309
OK073079.1
  start     end
   7543   7555
   11414   11422
   12660   12670
   12662   12670
   14149   14161
   14150   14162
   14151   14163
   14152   14164
   14153   14163
   16298   16308
   16300   16308
   18266   18278
   18267   18279
   23370   23380
OK073078.1
  start     end
   7487   7499
   11358   11366
   12604   12614
   12606   12614
   14093   14105
   14094   14106
   14095   14107
   14096   14108
   14097   14107
   16242   16252
   16244   16252
   18210   18222
   18211   18223
   23314   23324
OK073077.1
  start     end
   7543   7555
   11414   11422
   12660   12670
   12662   12670
   14149   14161
   14150   14162
   14151   14163
   14152   14164
   14153   14163
   16298   16308
   16300   16308
   18266   18278
   18267   18279
   23370   23380
FJ211861.1
  start     end
   4242   4250
   16154   16166
   16155   16167
   16156   16168
   16158   16168
   17074   17086
   17076   17086
   26376   26386
   27518   27530
   27519   27531
   27523   27531
   27525   27531
