Alphacoronavirus 1.fas
ON313747.1
  start     end
    5952    6447
   11408   11791
   11801   11813
   11815   11830
   11856   11867
   12400   12463
   12465   12496
   12521   12541
   12543   12556
   12558   12685
   20843   20865
   20881   21048
   21051   21086
   21088   21116
   21120   21134
   21158   21171
   23617   23807
   25026   25048
   25050   25295
   25694   25764
   25767   25791
   26478   26491
   26493   26512
   26527   26537
   26546   26558
   26567   26585
   26784   27279
KP849472.1
  start     end
       0     495
   27630   27650
   27652   27752
   27754   27766
   29728   29743
   29747   29812
MH817484.1
  start     end
       0     495
    1768    2140
    2142    2159
   20277   20335
   24881   24900
   24903   24917
   24930   25289
   25621   25634
   25636   25791
OP715781.1
  start     end
      79     101
     103     379
     387     428
     430     440
     465     478
     492     685
    8606    8927
   15155   15375
   16122   16367
   17360   17855
   25296   25564
OM030318.1
  start     end
   18352   18629
   25792   26110
   26121   26167
   26174   26185
   26202   26227
   26232   26287
MZ328303.1
  start     end
MZ328302.1
  start     end
       0     991
    7746    7757
    7763    7774
    7776    7892
    7894    7935
   13145   13391
   17856   18157
   19344   19378
   19380   19396
   19398   19500
   19502   19548
   23808   23945
   23947   24015
   24030   24042
   25792   26287
MZ328301.1
  start     end
       0     991
    1488    1731
    2840    2855
    2904    2952
    2955    2975
    3478    3707
    3709    3734
    3745    3756
    6345    6355
    6587    6617
    6619    6673
    6675    6692
    6704    6714
   12400   12895
   16106   16117
   16131   16155
   16157   16202
   16208   16219
   16224   16237
   16241   16259
   16281   16303
   16305   16315
   16318   16336
   17630   17676
   17680   17855
   18663   18674
   18676   18847
   24726   24738
   24763   24800
   27280   27775
MZ328299.1
  start     end
    6802    6813
    6815    6837
    6839    6852
    6854    6867
    6908    6924
   11717   11903
   26334   26365
   26367   26425
   26427   26783
MZ328298.1
  start     end
    5615    5951
   10912   11188
   11493   11503
   11551   11563
   11592   11903
   15376   15877
   15882   15899
   15904   15914
   15916   15926
   15952   15973
   15984   16011
   17065   17102
   17104   17138
   17140   17359
   18352   18364
   18366   18485
   25296   25603
   25622   25637
   25792   26003
   27805   27815
ON595871.1
  start     end
       0     517
     519     583
   24983   25003
   25005   25295
ON595870.1
  start     end
       0     495
    4220    4234
    4244    4463
   17325   17335
ON595869.1
  start     end
       0     497
   24988   25003
   25008   25295
ON595868.1
  start     end
       0     495
   20686   20831
   26156   26189
   26191   26222
   26224   26280
ON595867.1
  start     end
       0     495
   20678   20831
   26156   26225
   26227   26287
ON595866.1
  start     end
       0     496
   24864   24880
   24890   24903
   24923   24934
   24937   24960
   24962   25295
ON595863.1
  start     end
       0     280
   25586   25597
   25599   25616
   25618   25791
ON595862.1
  start     end
       0     495
    4329    4341
    4343    4463
   20746   20765
   20769   20783
   20814   20827
   28541   28562
   28564   28601
ON595858.1
  start     end
       0     495
   23120   23311
   24800   25295
ON595857.1
  start     end
       0     713
    4969    4986
   11156   11292
   24800   24903
   24905   25295
ON595856.1
  start     end
       0     495
   11145   11155
   11160   11236
   11238   11274
   14709   14879
   19824   19839
   20681   20831
   24800   25295
   27144   27166
   27169   27182
   27184   27263
ON595855.1
  start     end
       0     495
    4244    4463
    7275    7419
    7424    7439
   11115   11139
   11141   11171
   11173   11220
   11222   11252
   24814   24831
   24833   25295
ON595854.1
  start     end
       0     495
   24800   25295
   26092   26110
   26116   26287
ON595853.1
  start     end
       0     495
   20672   20831
OX335623.1
  start     end
       0     495
   22126   22319
OX335549.1
  start     end
       0     495
   26591   26621
   26623   26692
   26694   26779
OX335548.1
  start     end
       0     495
OX335546.1
  start     end
       0     495
OX335545.1
  start     end
       0     495
OX335541.1
  start     end
       0     495
   22076   22319
   26091   26287
OX335535.1
  start     end
       0     495
OX335534.1
  start     end
       0     495
OX335530.1
  start     end
       0     495
OP434397.1
  start     end
       0     495
   28272   28329
   28331   28392
MZ322950.1
  start     end
       0     495
ON859974.1
  start     end
       0     495
   26107   26125
   26127   26158
   26160   26214
   26228   26239
   26246   26284
   28272   28312
   28314   28394
   28396   28450
   28452   28496
   28570   28591
MZ320954.1
  start     end
       0     495
MZ320953.1
  start     end
       0     495
   22132   22142
MW804449.1
  start     end
       0     495
ON107244.1
  start     end
       0     495
   10758   10805
   10807   10911
   28768   28937
OP179857.1
  start     end
       0     495
MW354911.1
  start     end
       0     495
   26578   26783
MW354910.1
  start     end
       0     495
OM830321.1
  start     end
       0     495
   20825   20874
   20876   20896
   20898   20909
   20921   20937
OM830320.1
  start     end
       0     495
   16864   17240
   17242   17253
   17255   17266
   17274   17307
   17309   17336
   17348   17359
   20752   20762
   27669   27699
OM830319.1
  start     end
       0     495
   17078   17095
   17097   17121
   17129   17233
   17235   17282
   17319   17335
   27280   27297
   27299   27411
   27432   27457
OM830318.1
  start     end
       0     495
   16864   17240
   17242   17253
   17255   17266
   17274   17307
   17309   17336
   17348   17359
   20751   20768
   20774   20831
   27666   27706
   27756   27770
OM950729.1
  start     end
       0     495
OM950728.1
  start     end
       0     495
MT821905.1
  start     end
       0     711
     719     737
     739     750
     755     769
   11704   11903
   23312   23322
   23386   23402
   23442   23455
   23467   23914
   23916   23954
   25616   25626
   25632   25791
OM802899.1
  start     end
       0     495
   12733   12895
   25599   25716
   25718   25744
   25746   25791
   27776   28014
MW308128.1
  start     end
       0     495
   24800   25295
MZ368889.1
  start     end
       0     495
   26127   26158
   26160   26214
   26246   26273
   28272   28517
   28519   28584
OM451123.1
  start     end
       0     495
   26144   26287
   26629   26691
   26693   26778
   29264   29321
OM451122.1
  start     end
       0     495
   26081   26193
   26195   26214
   26238   26265
   26270   26288
MT955604.1
  start     end
       0     495
   12836   12846
   12878   12891
MT906865.1
  start     end
       0     495
   26591   26621
   26623   26692
   26694   26779
MT906864.1
  start     end
       0     495
   27043   27057
   27083   27279
MT522161.1
  start     end
       0     495
MZ420153.1
  start     end
       0     495
MW591993.2
  start     end
       0     496
MT239440.1
  start     end
       0     495
    4284    4299
    4307    4463
   11213   11238
   14746   14770
   14793   14807
   14814   14843
   14845   14871
   20698   20709
   20756   20768
   20776   20802
   20804   20815
   24800   25295
   26042   26287
   26987   27001
MT239439.1
  start     end
       0     495
    4385    4401
    4405    4419
    4427    4437
   10912   11407
MW030110.1
  start     end
       0     495
   12226   12236
   12253   12266
   12268   12381
   12383   12393
   25174   25194
   26116   26129
   26135   26287
MW030109.1
  start     end
       0     495
   16726   16863
   27022   27035
   27041   27062
   27066   27080
   27082   27099
   27102   27118
   27120   27137
   27139   27216
   27218   27279
MW030108.1
  start     end
       0     495
   20543   20553
   20593   20604
   20611   20831
   24800   25295
   26111   26121
MT444152.1
  start     end
       0     495
   13392   13402
   13408   13418
   13420   13431
   13433   13446
MT576083.1
  start     end
       0     495
   26086   26231
   26233   26287
   28278   28301
   28303   28316
   28338   28372
   28387   28398
MN692770.1
  start     end
       0     495
   11729   11903
   25620   25791
MT114544.1
  start     end
       0     495
   28768   28954
MT114543.1
  start     end
       0     495
MT114542.1
  start     end
       0     409
   10815   10892
   10894   10911
   28768   28969
MT114541.1
  start     end
       0     327
   25827   25839
   25929   25964
   26638   26688
   26699   26783
   28768   29034
MT114540.1
  start     end
       0     336
   10697   10714
   10718   10911
   28768   28942
MT114539.1
  start     end
       0     495
MT114538.1
  start     end
       0     495
MG893511.1
  start     end
       0     495
   21328   21823
   25176   25193
   26138   26150
   26166   26287
   27101   27122
   27189   27207
   27268   27278
MN165107.1
  start     end
       0     495
KY406735.1
  start     end
       0     496
KX900411.1
  start     end
       0     513
     523     653
     657     668
     670     680
     694     704
KX900410.1
  start     end
       0     495
   17229   17242
   17251   17270
   17279   17298
   17305   17328
KX900409.1
  start     end
       0     495
   17229   17242
   17251   17270
   17279   17298
   17305   17328
KX900408.1
  start     end
       0     495
   17229   17242
   17251   17270
   17279   17298
   17305   17328
KX900407.1
  start     end
       0     513
     523     651
     670     680
KX900406.1
  start     end
       0     513
     523     651
     670     680
KX900405.1
  start     end
       0     513
     523     651
     670     680
KX900404.1
  start     end
       0     513
     523     651
KX900403.1
  start     end
       0     495
KX900402.1
  start     end
       0     495
   26128   26157
   26160   26171
   26186   26201
   26254   26273
   28272   28511
   28520   28576
KX900401.1
  start     end
       0     496
KX900400.1
  start     end
       0     495
KX900399.1
  start     end
       0     495
KX900398.1
  start     end
       0     495
KX900397.1
  start     end
       0     495
KX900396.1
  start     end
       0     495
KX900395.1
  start     end
       0     496
KX900394.1
  start     end
       0     495
   26127   26158
   26160   26178
   26186   26214
   26246   26273
   28272   28511
   28520   28576
KX900393.1
  start     end
       0     495
   26127   26158
   26160   26178
   26180   26214
   26246   26278
   28272   28511
   28520   28576
NC_038861.1
  start     end
       0     495
   26127   26158
   26160   26178
   26186   26214
   26246   26273
   28272   28511
   28520   28580
NC_028806.1
  start     end
       0     496
   11758   11903
   23567   23807
   25616   25791
NC_002306.3
  start     end
       0     495
   16706   16717
   16725   16863
   19840   19868
   19880   19890
LT545990.1
  start     end
       0     495
   11749   11903
   23312   23481
   23483   23502
   25663   25673
   25708   25719
   25729   25742
   25750   25779
KX722531.1
  start     end
       0     495
   20336   20788
   20790   20831
   28337   28347
   28392   28411
   28768   28935
   28937   28965
   28967   28983
   28993   29008
   29010   29036
KX722530.1
  start     end
       0     495
    4373    4386
    4388    4463
   28313   28377
KX722529.1
  start     end
       0     548
     550     588
     590     689
    5456    5471
    5474    5486
    5488    5518
    5520    5538
   25056   25070
   25072   25091
   25096   25154
   25158   25169
   25179   25194
   25199   25216
   25230   25243
   26794   27052
KY566211.1
  start     end
       0     495
   24949   24966
   24973   25295
   26128   26287
KY566210.1
  start     end
       0     495
   24952   24963
   24965   25295
   26155   26189
   26191   26202
   26205   26223
KY566209.1
  start     end
       0     715
     729     747
   20336   20363
   20365   20376
   24818   24844
   24846   24871
   24926   24942
   24954   24981
   24983   25295
KY063618.2
  start     end
       0     495
   12754   12802
   12821   12895
KY292377.1
  start     end
       0     495
   25173   25183
   26055   26287
KY063617.1
  start     end
       0     495
   12754   12802
   12821   12895
KY063616.1
  start     end
       0     495
   12754   12802
   12821   12895
KX499468.1
  start     end
       0     495
   26135   26161
   26163   26173
   26183   26199
   26201   26217
   26250   26276
   28579   28608
KX083668.1
  start     end
       0     495
   26071   26242
   26244   26287
   28272   28517
   28519   28574
KX058075.1
  start     end
       0     495
DQ443743.1
  start     end
       0     495
   26127   26158
   26160   26178
   26186   26214
   26246   26273
   28272   28312
   28314   28450
   28452   28496
   28526   28542
   28565   28575
DQ201447.1
  start     end
       0     495
   28272   28465
HQ462571.1
  start     end
       0     495
   26127   26158
   26160   26178
   26186   26214
   26246   26273
   28272   28312
   28314   28394
   28396   28450
   28452   28496
   28570   28591
FJ755618.2
  start     end
       0     495
EU074218.2
  start     end
       0     495
DQ811788.1
  start     end
       0     495
   26082   26231
   26233   26287
   28278   28301
   28303   28316
   28338   28372
   28387   28398
DQ811787.1
  start     end
       0     495
DQ811785.1
  start     end
       0     495
   17293   17307
   17320   17346
   17349   17359
   28272   28452
KU729220.1
  start     end
       0     495
   26111   26129
   28272   28492
   28494   28533
KU215428.1
  start     end
       0     495
    7349    7361
    7401    7423
   17112   17125
   17127   17147
   17149   17318
   17328   17359
KU215427.1
  start     end
       0     495
    7349    7361
    7401    7423
   17112   17125
   17127   17147
   17149   17318
   17328   17359
KU215426.1
  start     end
       0     495
    7349    7361
    7401    7423
   17133   17147
   17161   17359
KU215425.1
  start     end
       0     495
    7349    7361
    7401    7423
   17133   17147
   17161   17359
   20717   20727
KU215424.1
  start     end
       0     495
    7349    7361
    7401    7423
   17133   17147
   17161   17359
   20717   20727
KU215423.1
  start     end
       0     495
    7349    7361
    7401    7423
   17133   17147
   17161   17359
KU215422.1
  start     end
       0     496
    7349    7361
    7401    7423
   17161   17318
   17328   17358
KU215421.1
  start     end
       0     496
    7349    7361
    7401    7423
   17161   17318
   17328   17358
KU215420.1
  start     end
       0     495
    7349    7361
    7401    7423
   17133   17147
   17161   17359
KU215419.1
  start     end
       0     495
    7349    7361
    7401    7423
   17110   17359
KT696544.1
  start     end
       0     495
   28272   28472
   28481   28536
KR061459.1
  start     end
       0     496
   11758   11903
   23567   23807
   25616   25791
KR270796.1
  start     end
       0     495
   27533   27759
KP981644.1
  start     end
       0     495
   26091   26287
KF530271.1
  start     end
      11     117
     119     132
     134     146
   10605   10881
   10883   10911
   27776   27873
   27875   27903
   27905   27927
KF530270.1
  start     end
       0     495
   10912   11179
   24304   24531
   24533   24543
   27563   27596
   27598   27872
KF530136.1
  start     end
       0     495
   24958   25284
KF530135.1
  start     end
       0     495
   24305   24390
   25296   25403
   25405   25441
KF530134.1
  start     end
       0     495
   24934   24945
   24947   25295
KF530133.1
  start     end
       0     495
    5466    5479
    5481    5638
   20551   20577
   20586   20767
   20769   20831
   27251   27279
KF530132.1
  start     end
       0     495
KF530131.1
  start     end
       0     495
KF530130.1
  start     end
       0     495
   20538   20831
   24864   24883
   24911   24921
   24926   24937
   24939   25111
   25121   25136
KF530129.1
  start     end
       0     495
    8854    8865
    8870    8927
   20632   20649
   20651   20673
   20675   20685
   25650   25791
   26196   26207
KF530127.1
  start     end
       0     495
    7311    7323
    7326    7381
    7390    7434
   17286   17296
   17305   17320
KF530126.1
  start     end
       0     495
KF530125.1
  start     end
       0     495
   14712   14734
   14743   14879
   25720   25745
   25759   25771
   25774   25791
KF530124.1
  start     end
       0     495
   24944   24958
   24965   25122
   25124   25137
   25158   25178
KF530123.1
  start     end
       0     495
   20336   20391
   20393   20486
   20489   20831
KF530122.1
  start     end
       0     495
   19730   19760
   19767   19780
   19798   19811
   19820   19836
   24885   24898
   24918   24951
   24953   25030
   25060   25075
KF530121.1
  start     end
       0     365
     370     407
    5431    5444
    6944    7171
    7176    7191
    7193    7209
    7221    7232
   24800   24948
   28768   28892
KF530120.1
  start     end
       0     495
   25362   25381
KF530119.1
  start     end
       0     286
     288     495
   28768   28867
   28869   28912
KF530118.1
  start     end
       0     495
   17290   17300
KF530117.1
  start     end
       0     495
    5456    5612
    5614    5627
    5629    5648
   14685   14698
   14701   14879
KF530116.1
  start     end
       0     495
   24986   25066
   25068   25094
KF530115.1
  start     end
       0     495
   17321   17337
   17346   17359
   25792   26287
KC175341.1
  start     end
       0     495
KC175340.1
  start     end
       0     495
KC175339.1
  start     end
       0     495
   12234   12245
   12276   12286
   12290   12310
   12312   12339
   12341   12389
JN856008.2
  start     end
       0     495
   22816   23119
JN183883.1
  start     end
       0     495
    5491    5543
    5545    5587
    5589    5608
    5610    5620
    5630    5641
   18768   18778
   18788   18819
   18828   18847
   24800   25295
JN183882.1
  start     end
       0     495
   20355   20396
   20398   20408
   20416   20501
   20503   20831
   24803   24817
   24819   24834
   24838   24853
   26098   26287
HQ392469.1
  start     end
       0     495
    5456    5476
    5478    5640
   11011   11032
   11043   11056
   25800   25834
   25836   26287
HQ012372.1
  start     end
       0     495
   25110   25121
KP202848.1
  start     end
       0     495
   26127   26158
   26160   26214
   26246   26273
   28349   28361
KC962433.1
  start     end
       0     495
   26127   26158
   26160   26178
   26186   26214
   26246   26273
   28272   28511
   28520   28574
KP143512.1
  start     end
       0     495
   10745   10911
   12400   12411
   12489   12531
   12584   12607
   12609   12619
   12753   12763
   18352   18444
   18446   18667
   18669   18847
   24801   24979
   28768   28865
   28869   28894
KP143511.1
  start     end
       0     495
   10804   10815
   10817   10827
   10829   10865
   10868   10911
   12400   12411
   12489   12531
   12584   12607
   12609   12619
   12753   12763
   18352   18444
   18446   18667
   18669   18847
   24801   24979
   26730   26742
   26750   26768
   28831   28842
KP143510.1
  start     end
       0     495
   10804   10815
   10817   10827
   10829   10865
   10868   10911
   12400   12411
   12489   12531
   12584   12607
   12609   12619
   12753   12763
   18352   18444
   18446   18667
   18669   18847
   24801   24979
   26730   26742
   26750   26768
KP143509.1
  start     end
       0     495
   10804   10815
   10817   10827
   10829   10865
   10868   10911
   12400   12411
   12489   12531
   12584   12607
   12609   12619
   12753   12763
   18352   18444
   18446   18667
   18669   18847
   24801   24979
   26730   26742
   26750   26768
KP143508.1
  start     end
       0     495
   10804   10815
   10817   10827
   10829   10865
   10868   10911
   12400   12411
   12489   12531
   12584   12607
   12609   12619
   12753   12763
   18352   18444
   18446   18667
   18669   18847
   24801   24979
   26730   26742
   26756   26780
KP143507.1
  start     end
       0     495
   10745   10911
   12400   12411
   12489   12531
   12584   12607
   12609   12619
   12753   12763
   18352   18444
   18446   18667
   18669   18847
   24801   24979
   28768   28978
KC461237.1
  start     end
       0     495
   16706   16717
   16725   16863
   19840   19866
KC461236.1
  start     end
       0     495
   16706   16717
   16725   16863
   19840   19868
   19880   19890
KC461235.1
  start     end
       0     495
   16706   16717
   16725   16863
   19840   19868
   19880   19890
HM776941.1
  start     end
       0     495
   26065   26236
   26238   26287
   28324   28336
   28343   28355
JN634064.1
  start     end
       0     603
     605     631
DQ811789.2
  start     end
       0     495
   26123   26137
   28272   28491
   28500   28538
DQ811786.2
  start     end
       0     495
   27820   27831
   27840   27850
   27886   27898
JQ408981.1
  start     end
       0     495
   16706   16717
   16720   16863
   19840   19868
   19880   19890
   28768   28910
   28912   28939
JQ408980.1
  start     end
       0     495
   12238   12253
   12255   12399
   16706   16717
   16720   16863
   19840   19868
   19880   19890
   27161   27173
   27189   27203
   27214   27224
   27235   27247
   27250   27261
   27263   27279
JQ404410.1
  start     end
       0     495
JQ404409.1
  start     end
       0     495
   26171   26182
   26185   26200
   26207   26219
   26246   26265
   26271   26287
GQ152141.1
  start     end
       0     495
    2976    3471
   26580   26592
   26595   26783
FJ938058.1
  start     end
       0     495
    4803    4813
    4815    4959
   18831   18842
   24392   24402
   24438   24453
   26107   26287
FJ938060.1
  start     end
       0     495
    7349    7361
    7401    7423
   17133   17147
   17161   17359
HQ392472.1
  start     end
       0     495
    5456    5481
    5483    5629
    5631    5643
   25082   25094
   25096   25155
   25161   25172
   25203   25217
   26093   26109
   26116   26287
HQ392471.1
  start     end
       0     496
HQ392470.1
  start     end
       0     495
   24916   24931
   24933   25295
   26805   26815
   26862   26874
   26924   26941
   26945   26958
   26964   27002
   27010   27022
HQ012371.1
  start     end
       0     495
   26120   26141
   26148   26178
   26183   26210
   26216   26267
HQ012370.1
  start     end
       0     495
    4267    4277
    4279    4463
    4945    4958
   24800   25183
HQ012369.1
  start     end
       0     495
    2869    2881
    2883    2919
    2935    2967
   26107   26120
   26126   26165
   26167   26184
   26187   26221
   26231   26242
   26244   26264
HQ012368.1
  start     end
       0     495
   25656   25667
   25677   25792
   26090   26171
   26173   26209
   26211   26287
HQ012367.1
  start     end
       0     495
GU553362.1
  start     end
       0     495
    2940    2967
   20641   20653
   20655   20831
   25149   25160
GU553361.1
  start     end
       0     495
    2940    2967
   20640   20831
   25149   25160
GQ477367.1
  start     end
       0     495
   26130   26287
FJ938062.1
  start     end
       0     495
    4464    4677
    4697    4707
    4859    4879
    4881    4902
    4946    4959
   13983   14000
   20579   20831
   26168   26287
FJ938061.1
  start     end
       0     495
    7349    7361
    7401    7423
   17133   17147
   17161   17359
   28807   28817
   28909   28920
FJ938059.1
  start     end
       0     495
   20701   20712
   20763   20776
   24800   24811
   24826   24836
   24838   24866
   24873   25295
FJ938057.1
  start     end
       0      36
      38     495
   25754   25766
   25806   25818
   25833   25848
   25850   25860
   25932   26069
   26071   26287
FJ938056.1
  start     end
       0     495
   25152   25174
   26943   26956
   26962   27001
   27003   27213
   27223   27269
FJ938055.1
  start     end
       0     495
   20687   20699
   20797   20815
   24867   24888
   24904   24915
   24920   24937
   24939   25295
FJ938054.1
  start     end
       0     495
   25159   25176
FJ938053.1
  start     end
       0     495
FJ938052.1
  start     end
       0     495
   20664   20675
   20685   20727
   20729   20754
   20756   20831
   25091   25295
FJ938051.1
  start     end
       0     495
    5808    5826
    5846    5906
    5908    5951
    7414    7430
   11408   11505
   11520   11553
   11555   11903
   24800   25295
   25681   25700
   25708   25721
   25731   25744
   25750   25783
DQ848678.1
  start     end
       0     495
DQ010921.1
  start     end
       0     495
   11904   12045
   12055   12183
AY994055.1
  start     end
       0     495
   16706   16717
   16725   16863
   19840   19868
   19880   19890
EU186072.1
  start     end
       0     495
    7925    7935
   11227   11251
   11260   11407
DQ286389.1
  start     end
       0     495
     511     561
     565     601
     621     646
     651     662
   12309   12323
   16735   16863
AJ271965.2
  start     end
       0     495
   26127   26158
   26160   26178
   26186   26214
   26246   26273
   28272   28511
   28520   28580
CQ870486.1
  start     end
       0     495
   26127   26158
   26160   26178
   26186   26214
   26246   26273
   28272   28496
   28498   28511
   28520   28542
   28561   28572
AX154950.1
  start     end
       0     495
   26127   26158
   26160   26178
   26186   26214
   26246   26273
   28272   28496
   28498   28511
   28520   28542
   28561   28572
