Alphacoronavirus AMALF.fas
MT663548.1
  start     end
     188     495
    1681    1693
    1713    1723
    1725    1735
    2302    2338
    2340    2412
    2414    2424
    2429    2440
    2442    2454
    3158    3406
    3421    3440
    4760    4959
    5456    5951
   11904   12888
   16078   16099
   16374   16863
   17217   17855
   19632   19644
   19646   19669
   19671   19681
   19686   19727
   19730   19839
   22838   22850
   22855   22868
   22870   22890
   22894   23311
   23576   23591
   23593   24303
   26471   27279
   29034   29049
   29071   29084
MH817484.1
  start     end
       0     495
    1768    2140
    2142    2159
   20277   20335
   24881   24900
   24903   24917
   24930   25289
   25621   25634
   25636   25791
MZ081388.1
  start     end
       0     223
     225     495
    7677    8232
   11722   11739
   11747   11903
   15869   16290
   16292   16303
   16307   16344
   17360   17516
   17856   18351
   23612   23807
   26518   26783
MZ081387.1
  start     end
     239     495
    6183    6195
    6204    6220
   11663   11684
   11697   11710
   11834   11851
   11853   11864
   15788   15809
   15811   15831
   15833   15871
   16690   16728
   16730   16749
   16751   16861
   17298   17359
   23163   23311
   26784   27557
   27581   27592
MZ081386.1
  start     end
    6168    6184
   15813   15836
   15843   15864
   16246   16260
   16263   16307
   16315   16362
   17165   17359
   23151   23311
   26551   26562
   26635   26657
   26663   26705
   26708   26718
   26720   26745
   26754   27279
MZ081385.1
  start     end
     300     330
     332     495
    6216    6229
   16860   16870
   17329   17343
   23282   23460
   23462   23529
   23559   23577
   23594   23807
   26580   26592
   26595   26637
   26641   27062
   27075   27085
MZ081384.1
  start     end
     360     370
     394     416
     442     454
     474     490
    6169    6179
    6181    6233
   16801   16812
   16826   16865
   17220   17240
   17242   17253
   17256   17303
   17305   17359
   23608   23630
   23632   23807
   26581   26594
   26596   27011
   27024   27050
   27776   27791
   27796   27807
   27816   27844
   27846   27861
   27869   27885
   27901   27918
   27920   27933
KP849472.1
  start     end
       0     495
   27630   27650
   27652   27752
   27754   27766
   29728   29743
   29747   29812
ON595871.1
  start     end
       0     517
     519     583
   24983   25003
   25005   25295
ON595870.1
  start     end
       0     495
    4220    4234
    4244    4463
   17325   17335
ON595869.1
  start     end
       0     497
   24988   25003
   25008   25295
ON595868.1
  start     end
       0     495
   20686   20831
   26156   26189
   26191   26222
   26224   26280
ON595867.1
  start     end
       0     495
   20678   20831
   26156   26225
   26227   26287
ON595866.1
  start     end
       0     496
   24864   24880
   24890   24903
   24923   24934
   24937   24960
   24962   25295
ON595862.1
  start     end
       0     495
    4329    4341
    4343    4463
   20746   20765
   20769   20783
   20814   20827
   28541   28562
   28564   28601
ON595858.1
  start     end
       0     495
   23120   23311
   24800   25295
ON595857.1
  start     end
       0     713
    4969    4986
   11156   11292
   24800   24903
   24905   25295
ON595856.1
  start     end
       0     495
   11145   11155
   11160   11236
   11238   11274
   14709   14879
   19824   19839
   20681   20831
   24800   25295
   27144   27166
   27169   27182
   27184   27263
ON595855.1
  start     end
       0     495
    4244    4463
    7275    7419
    7424    7439
   11115   11139
   11141   11171
   11173   11220
   11222   11252
   24814   24831
   24833   25295
ON595854.1
  start     end
       0     495
   24800   25295
   26092   26110
   26116   26287
ON595853.1
  start     end
       0     495
   20672   20831
OX335623.1
  start     end
       0     495
   22126   22319
OX335549.1
  start     end
       0     495
   26591   26621
   26623   26692
   26694   26779
OX335548.1
  start     end
       0     495
OX335546.1
  start     end
       0     495
OX335545.1
  start     end
       0     495
OX335541.1
  start     end
       0     495
   22076   22319
   26091   26287
OX335535.1
  start     end
       0     495
OX335534.1
  start     end
       0     495
OX335530.1
  start     end
       0     495
OP179857.1
  start     end
       0     495
MW354911.1
  start     end
       0     495
   26578   26783
MW354910.1
  start     end
       0     495
OM950729.1
  start     end
       0     495
OM950728.1
  start     end
       0     495
MW308128.1
  start     end
       0     495
   24800   25295
OM451123.1
  start     end
       0     495
   26144   26287
   26629   26691
   26693   26778
   29264   29321
OM451122.1
  start     end
       0     495
   26081   26193
   26195   26214
   26238   26265
   26270   26288
MT955604.1
  start     end
       0     495
   12836   12846
   12878   12891
MT906865.1
  start     end
       0     495
   26591   26621
   26623   26692
   26694   26779
MT906864.1
  start     end
       0     495
   27043   27057
   27083   27279
MN719179.1
  start     end
       0     495
   17214   17227
   17287   17316
   17318   17359
   26144   26235
   26243   26287
MZ420153.1
  start     end
       0     495
MW591993.2
  start     end
       0     496
MT239440.1
  start     end
       0     495
    4284    4299
    4307    4463
   11213   11238
   14746   14770
   14793   14807
   14814   14843
   14845   14871
   20698   20709
   20756   20768
   20776   20802
   20804   20815
   24800   25295
   26042   26287
   26987   27001
MT239439.1
  start     end
       0     495
    4385    4401
    4405    4419
    4427    4437
   10912   11407
MW030110.1
  start     end
       0     495
   12226   12236
   12253   12266
   12268   12381
   12383   12393
   25174   25194
   26116   26129
   26135   26287
MW030109.1
  start     end
       0     495
   16726   16863
   27022   27035
   27041   27062
   27066   27080
   27082   27099
   27102   27118
   27120   27137
   27139   27216
   27218   27279
MW030108.1
  start     end
       0     495
   20543   20553
   20593   20604
   20611   20831
   24800   25295
   26111   26121
MT820627.1
  start     end
       0     495
     826     991
    2103    2142
    2146    2479
    3429    3439
    3441    3471
   12577   12595
   12598   12628
   12630   12895
   13392   13411
   13413   13457
   13459   13487
   13489   13584
   16378   16389
   16391   16403
   16417   16436
   16440   16452
   16498   16509
   17666   17676
   17698   17714
   17728   17747
   17749   17759
   17825   17846
   17848   18351
   21690   21717
   27280   27775
MT114543.1
  start     end
       0     495
MT114541.1
  start     end
       0     327
   25827   25839
   25929   25964
   26638   26688
   26699   26783
   28768   29034
MT114540.1
  start     end
       0     336
   10697   10714
   10718   10911
   28768   28942
MT114539.1
  start     end
       0     495
MT114538.1
  start     end
       0     495
MG893511.1
  start     end
       0     495
   21328   21823
   25176   25193
   26138   26150
   26166   26287
   27101   27122
   27189   27207
   27268   27278
MN165107.1
  start     end
       0     495
MK211373.1
  start     end
     355     383
     386     396
     401     425
     429     447
     464     484
    4583    4593
    4646    4670
    4685    4959
    7347    7439
    7936    8352
    8354    8370
    8385    8414
   11650   11662
   11685   11825
   11827   11903
   12962   12978
   13721   13734
   13737   13887
   15872   16367
   17361   17409
   17414   17424
   17428   17449
   17491   17502
   17856   18351
   23685   23807
   26543   26555
   26561   26783
MK720946.1
  start     end
     411     425
     470     493
    5952    6234
    6247    6259
   13888   14098
   14100   14164
   14188   14199
   15712   15769
   15771   15871
   26784   27164
MK720945.1
  start     end
     411     425
     470     493
    5952    6234
    6247    6259
   13888   14098
   14100   14164
   14188   14199
   15712   15769
   15771   15871
   26784   27164
NC_002306.3
  start     end
       0     495
   16706   16717
   16725   16863
   19840   19868
   19880   19890
KX722531.1
  start     end
       0     495
   20336   20788
   20790   20831
   28337   28347
   28392   28411
   28768   28935
   28937   28965
   28967   28983
   28993   29008
   29010   29036
KX722529.1
  start     end
       0     548
     550     588
     590     689
    5456    5471
    5474    5486
    5488    5518
    5520    5538
   25056   25070
   25072   25091
   25096   25154
   25158   25169
   25179   25194
   25199   25216
   25230   25243
   26794   27052
KY566211.1
  start     end
       0     495
   24949   24966
   24973   25295
   26128   26287
KY566210.1
  start     end
       0     495
   24952   24963
   24965   25295
   26155   26189
   26191   26202
   26205   26223
KY566209.1
  start     end
       0     715
     729     747
   20336   20363
   20365   20376
   24818   24844
   24846   24871
   24926   24942
   24954   24981
   24983   25295
KY292377.1
  start     end
       0     495
   25173   25183
   26055   26287
KY063617.1
  start     end
       0     495
   12754   12802
   12821   12895
KY063616.1
  start     end
       0     495
   12754   12802
   12821   12895
KU215428.1
  start     end
       0     495
    7349    7361
    7401    7423
   17112   17125
   17127   17147
   17149   17318
   17328   17359
KU215427.1
  start     end
       0     495
    7349    7361
    7401    7423
   17112   17125
   17127   17147
   17149   17318
   17328   17359
KU215426.1
  start     end
       0     495
    7349    7361
    7401    7423
   17133   17147
   17161   17359
KU215425.1
  start     end
       0     495
    7349    7361
    7401    7423
   17133   17147
   17161   17359
   20717   20727
KU215424.1
  start     end
       0     495
    7349    7361
    7401    7423
   17133   17147
   17161   17359
   20717   20727
KU215423.1
  start     end
       0     495
    7349    7361
    7401    7423
   17133   17147
   17161   17359
KU215422.1
  start     end
       0     496
    7349    7361
    7401    7423
   17161   17318
   17328   17358
KU215421.1
  start     end
       0     496
    7349    7361
    7401    7423
   17161   17318
   17328   17358
KU215420.1
  start     end
       0     495
    7349    7361
    7401    7423
   17133   17147
   17161   17359
KU215419.1
  start     end
       0     495
    7349    7361
    7401    7423
   17110   17359
KP981644.1
  start     end
       0     495
   26091   26287
KF530136.1
  start     end
       0     495
   24958   25284
KF530134.1
  start     end
       0     495
   24934   24945
   24947   25295
KF530133.1
  start     end
       0     495
    5466    5479
    5481    5638
   20551   20577
   20586   20767
   20769   20831
   27251   27279
KF530130.1
  start     end
       0     495
   20538   20831
   24864   24883
   24911   24921
   24926   24937
   24939   25111
   25121   25136
KF530129.1
  start     end
       0     495
    8854    8865
    8870    8927
   20632   20649
   20651   20673
   20675   20685
   25650   25791
   26196   26207
KF530127.1
  start     end
       0     495
    7311    7323
    7326    7381
    7390    7434
   17286   17296
   17305   17320
KF530123.1
  start     end
       0     495
   20336   20391
   20393   20486
   20489   20831
KF530117.1
  start     end
       0     495
    5456    5612
    5614    5627
    5629    5648
   14685   14698
   14701   14879
KF530116.1
  start     end
       0     495
   24986   25066
   25068   25094
KF530115.1
  start     end
       0     495
   17321   17337
   17346   17359
   25792   26287
KC175341.1
  start     end
       0     495
KC175340.1
  start     end
       0     495
KC175339.1
  start     end
       0     495
   12234   12245
   12276   12286
   12290   12310
   12312   12339
   12341   12389
JN856008.2
  start     end
       0     495
   22816   23119
JN183883.1
  start     end
       0     495
    5491    5543
    5545    5587
    5589    5608
    5610    5620
    5630    5641
   18768   18778
   18788   18819
   18828   18847
   24800   25295
JN183882.1
  start     end
       0     495
   20355   20396
   20398   20408
   20416   20501
   20503   20831
   24803   24817
   24819   24834
   24838   24853
   26098   26287
HQ392469.1
  start     end
       0     495
    5456    5476
    5478    5640
   11011   11032
   11043   11056
   25800   25834
   25836   26287
HQ012372.1
  start     end
       0     495
   25110   25121
KC461237.1
  start     end
       0     495
   16706   16717
   16725   16863
   19840   19866
KC461236.1
  start     end
       0     495
   16706   16717
   16725   16863
   19840   19868
   19880   19890
KC461235.1
  start     end
       0     495
   16706   16717
   16725   16863
   19840   19868
   19880   19890
JQ408981.1
  start     end
       0     495
   16706   16717
   16720   16863
   19840   19868
   19880   19890
   28768   28910
   28912   28939
JQ408980.1
  start     end
       0     495
   12238   12253
   12255   12399
   16706   16717
   16720   16863
   19840   19868
   19880   19890
   27161   27173
   27189   27203
   27214   27224
   27235   27247
   27250   27261
   27263   27279
JQ404410.1
  start     end
       0     495
JQ404409.1
  start     end
       0     495
   26171   26182
   26185   26200
   26207   26219
   26246   26265
   26271   26287
FJ938060.1
  start     end
       0     495
    7349    7361
    7401    7423
   17133   17147
   17161   17359
HQ392472.1
  start     end
       0     495
    5456    5481
    5483    5629
    5631    5643
   25082   25094
   25096   25155
   25161   25172
   25203   25217
   26093   26109
   26116   26287
HQ392471.1
  start     end
       0     496
HQ392470.1
  start     end
       0     495
   24916   24931
   24933   25295
   26805   26815
   26862   26874
   26924   26941
   26945   26958
   26964   27002
   27010   27022
HQ012371.1
  start     end
       0     495
   26120   26141
   26148   26178
   26183   26210
   26216   26267
HQ012370.1
  start     end
       0     495
    4267    4277
    4279    4463
    4945    4958
   24800   25183
HQ012368.1
  start     end
       0     495
   25656   25667
   25677   25792
   26090   26171
   26173   26209
   26211   26287
HQ012367.1
  start     end
       0     495
GU553362.1
  start     end
       0     495
    2940    2967
   20641   20653
   20655   20831
   25149   25160
GU553361.1
  start     end
       0     495
    2940    2967
   20640   20831
   25149   25160
GQ477367.1
  start     end
       0     495
   26130   26287
FJ938062.1
  start     end
       0     495
    4464    4677
    4697    4707
    4859    4879
    4881    4902
    4946    4959
   13983   14000
   20579   20831
   26168   26287
FJ938061.1
  start     end
       0     495
    7349    7361
    7401    7423
   17133   17147
   17161   17359
   28807   28817
   28909   28920
FJ938059.1
  start     end
       0     495
   20701   20712
   20763   20776
   24800   24811
   24826   24836
   24838   24866
   24873   25295
FJ938057.1
  start     end
       0      36
      38     495
   25754   25766
   25806   25818
   25833   25848
   25850   25860
   25932   26069
   26071   26287
FJ938056.1
  start     end
       0     495
   25152   25174
   26943   26956
   26962   27001
   27003   27213
   27223   27269
FJ938055.1
  start     end
       0     495
   20687   20699
   20797   20815
   24867   24888
   24904   24915
   24920   24937
   24939   25295
FJ938054.1
  start     end
       0     495
   25159   25176
FJ938053.1
  start     end
       0     495
FJ938052.1
  start     end
       0     495
   20664   20675
   20685   20727
   20729   20754
   20756   20831
   25091   25295
FJ938051.1
  start     end
       0     495
    5808    5826
    5846    5906
    5908    5951
    7414    7430
   11408   11505
   11520   11553
   11555   11903
   24800   25295
   25681   25700
   25708   25721
   25731   25744
   25750   25783
DQ848678.1
  start     end
       0     495
DQ010921.1
  start     end
       0     495
   11904   12045
   12055   12183
AY994055.1
  start     end
       0     495
   16706   16717
   16725   16863
   19840   19868
   19880   19890
EU186072.1
  start     end
       0     495
    7925    7935
   11227   11251
   11260   11407
MG916903.1
  start     end
     298     495
    1984    2479
    4340    4365
    4367    4463
    6448    6464
    6480    6495
    6503    6536
    6538    6553
    6557    6586
    6588    6618
    6620    6631
    6633    6729
    6733    6771
    6773    6789
    6795    6812
   10747   10759
   11684   11903
   17360   17743
   17745   18351
   26288   26783
   27594   27775
MG916902.1
  start     end
     310     393
     395     443
     445     456
     459     495
    2279    2297
    2299    2316
    2319    2479
    6448    6729
    6752    6771
   17313   17323
   17332   18351
   26288   26783
   27559   27570
   27578   27775
MG916901.1
  start     end
     298     495
    4464    4959
    7936    8070
    8072    8107
    8118    8146
   11803   11903
   13392   13471
   13473   13887
   15872   16367
   17360   17545
   17856   18351
   21126   21137
   21139   21327
   23630   23807
   26516   26805
   27060   27279
