Bat coronavirus HKU10.fas
MN477915.1
  start     end
       0     495
    4249    4281
    4283    4463
   14343   14362
   17139   17359
   17869   17922
   17927   18351
   23746   23760
   23779   23790
   23795   23807
   25792   26287
MN477914.1
  start     end
       0     496
   17139   17359
   17869   17922
   17927   18351
   23312   23411
   23413   23541
   23544   23556
   23572   23585
   23598   23611
   23619   23807
   25792   26287
MN477913.1
  start     end
     208     495
    1984    2231
   18848   19343
   20212   20225
   20254   20269
   20299   20325
   20832   21327
   21811   21823
   23809   24026
   24077   24098
MN477912.1
  start     end
       0     234
     251     263
   28066   28271
MN477911.1
  start     end
       5      26
      28     145
     156     167
   26591   26612
   26614   26624
   26634   26644
   28060   28271
MN477910.1
  start     end
       0     234
     251     263
   28066   28271
MN477909.1
  start     end
       0     182
     186     202
   26591   26612
   26614   26624
   26634   26644
   28060   28271
MN477908.1
  start     end
       0     234
     251     263
    1984    2308
    2311    2378
    2380    2474
   28022   28271
MN477907.1
  start     end
   16181   16534
   16536   16565
   17360   17855
MN477906.1
  start     end
    1986    2001
    2003    2023
    2026    2045
    7396    7406
   26104   26120
   26122   26287
MN477905.1
  start     end
    1986    2001
    2003    2023
    2026    2045
    7396    7406
   26104   26120
   26122   26287
MN477904.1
  start     end
     305     495
   17800   17810
   17825   17844
   21655   21823
   26078   26287
MN477903.1
  start     end
     184     194
     198     495
   17539   17575
   17577   17691
   17693   17710
   26137   26162
   26164   26287
MN477902.1
  start     end
     274     495
MN477901.1
  start     end
     299     312
     325     350
     352     440
     442     495
   16407   16483
   16485   16507
   16509   16687
   16689   16768
   16770   16782
   16813   16823
   16825   16842
   21328   21823
   26178   26188
   26197   26225
   26234   26287
MN477900.1
  start     end
     208     496
   21331   21368
   21370   21389
   21391   21429
   21431   21483
   21485   21823
MN477899.1
  start     end
    7812    7837
    7848    7863
   16368   16863
   20641   20654
   20677   20700
   20702   20831
NC_018871.1
  start     end
    7364    7375
    7396    7406
    7408    7439
   26080   26287
JQ989273.1
  start     end
     464     475
    1984    2180
    2184    2199
   26161   26179
JQ989272.1
  start     end
     360     377
     415     440
     444     455
     464     475
    1984    2180
    2184    2199
   26161   26179
JQ989271.1
  start     end
   26161   26185
   26213   26223
   26248   26266
JQ989270.1
  start     end
    7364    7375
    7396    7406
    7408    7439
   26080   26287
JQ989269.1
  start     end
   26089   26287
JQ989268.1
  start     end
   26089   26287
JQ989267.1
  start     end
   26089   26287
JQ989266.1
  start     end
   26089   26287
MN611523.1
  start     end
     305     495
   17800   17810
   17825   17844
   21655   21823
   26078   26287
