Beluga whale coronavirus SW1.fas
NC_010646.1
  start     end
      39      63
      65     495
    2480    2719
    7948    7958
   12182   12399
   20324   20360
   31248   31516
   31651   31680
EU111742.1
  start     end
      39      63
      65     495
    2480    2719
    7948    7958
   12182   12399
   20324   20360
   31248   31516
   31651   31680
KF793826.1
  start     end
      75     111
     113     495
    2480    2733
   12186   12399
   20129   20139
   20146   20335
   31248   31545
KF793825.1
  start     end
      75     111
     113     495
    2480    2734
    2744    2754
   12182   12399
   20129   20139
   20146   20335
   30752   30995
   31248   31545
KF793824.1
  start     end
      75     111
     113     495
    2480    2733
   12185   12399
   20129   20139
   20146   20335
   30752   30997
   31000   31010
   31248   31544
