Coronavirus HKU15.fas
LC216915.1
  start     end
       0     495
     497     788
    1656    1668
    1684    1701
    1708    1983
    5803    5828
    5830    5843
    5847    5951
    6781    6943
   15376   15594
   15596   15872
   16149   16367
   19019   19343
LC216914.1
  start     end
     249     789
     796     818
    2257    2479
    2661    2975
    5456    5951
   13245   13391
   15376   16367
   19141   19343
MN200481.1
  start     end
       5     991
    1804    1823
    1825    1850
    1857    1974
    2334    2354
    2362    2394
    2396    2414
    2416    2480
    5754    5775
    5777    5792
    5794    5951
   15376   15401
   15405   15463
   15473   15871
   16152   16367
   18848   19629
KJ620016.1
  start     end
       5     496
     498     592
     594     633
     635     653
    1870    1881
    2263    2479
    2667    2975
    5634    5954
   15376   16029
   16038   16370
   16372   16495
   19059   19071
   19110   19343
KJ584359.1
  start     end
       5     496
     498     592
     594     633
     635     653
    1870    1881
    2263    2479
    2667    2975
    5634    5954
   15376   16029
   16038   16370
   16372   16495
   19059   19077
   19109   19343
   23788   23801
KJ584358.1
  start     end
       5     496
     498     592
     594     633
     635     653
    1870    1881
    2263    2479
    2667    2975
    5634    5954
   15376   16029
   16038   16370
   16372   16495
   19059   19077
   19109   19343
KJ584357.1
  start     end
       5     653
     656     669
     671     683
    1870    1881
    2263    2479
    2667    2975
    5634    5954
   15376   16029
   16038   16581
   16583   16593
   16595   16610
   19059   19077
   19109   19343
KJ584356.1
  start     end
       5     496
     498     592
     594     633
     635     653
    2263    2479
    2667    2975
    5614    5626
    5628    5954
   15376   16029
   16038   16369
   19152   19162
   19165   19343
KJ584355.1
  start     end
       5     496
     498     592
     594     633
     635     653
    1870    1881
    2263    2479
    2667    2975
    5634    5954
   15376   16029
   16038   16558
   19059   19077
   19109   19343
   23788   23801
KJ569769.1
  start     end
       5     496
     498     592
     594     633
     635     653
    1870    1881
    2263    2479
    2667    2975
    5634    5954
   15376   16029
   16038   16370
   16372   16495
   19059   19077
   19109   19343
NC_039208.1
  start     end
     218     229
     249     779
     803     816
    2256    2479
    2666    2680
    2707    2975
    5456    5951
   15376   15471
   15473   16367
   18910   18941
   18969   18985
   18987   19007
   19014   19345
JQ065043.2
  start     end
     218     229
     249     779
     803     816
    2256    2479
    2666    2680
    2707    2975
    5456    5951
   15376   15471
   15473   16367
   18910   18941
   18969   18985
   18987   19007
   19014   19345
JQ065042.2
  start     end
       0     871
     873     883
     936     946
    2367    2377
    2379    2392
    2396    2409
    2415    2467
    2666    2680
    2693    2704
    2707    2975
    5456    5951
   15376   15387
   15389   15405
   15415   15465
   15481   16367
   18876   18887
   18889   18900
   18902   18941
   18960   19011
   19013   19343
KT381613.1
  start     end
       5     496
     498     592
     594     633
     635     653
    1870    1881
    2263    2479
    2667    2975
    5614    5626
    5628    5954
   15376   16033
   16038   16581
   16583   16593
   16595   16610
   19059   19077
   19109   19343
KM012168.1
  start     end
       0     720
     722     749
    2226    2245
    2252    2481
    2484    2503
    2510    2520
    2546    2563
    2565    2576
    2586    2598
    2600    2612
    2615    2634
    2636    2975
    5706    5720
    5726    5746
    5748    5951
   11253   11408
   15376   15871
   16160   16367
   18875   18896
   18906   18944
   18956   19002
   19009   19344
   19346   19390
   19470   19480
KJ462462.1
  start     end
       0     653
     656     669
     671     683
    1870    1881
    2263    2479
    2667    2975
    5634    5974
   15376   16029
   16038   16370
   16372   16495
   19059   19077
   19109   19343
OK649355.1
  start     end
     250     731
     733     752
    2647    2975
    5456    6006
   15376   15478
   15480   16033
   16038   16370
   16372   16503
   19043   19344
   19361   19401
   19404   19522
   19524   19539
   19541   19561
   19563   19592
   19602   19633
   19635   19647
   19649   19710
OM047182.1
  start     end
     259     281
     286     495
     497     786
     801     813
    1747    1763
    1767    1788
    1790    1983
    5754    5768
    5777    5791
    5794    5951
   15376   15871
   16344   16354
   18848   19615
   19617   19629
OP566509.1
  start     end
       5     991
    1737    1748
    1759    1772
    1776    1983
    2158    2975
    5456    5951
   15376   16367
   18929   18942
   18989   19007
   19015   19031
   19034   19343
MT260150.1
  start     end
     298     731
    2611    2621
    2647    2975
    5456    5954
   15376   16370
   16372   16534
   16536   16558
   19124   19343
MT260149.1
  start     end
     298     731
    2611    2621
    2647    2975
    5456    5954
   15376   16370
   16372   16534
   16536   16558
   19124   19343
ON859973.1
  start     end
     248     989
    1782    1803
    1805    1983
    2806    2822
    2827    2860
    2881    2966
    5456    5951
   15376   15473
   15481   16034
   16039   16649
   19191   19343
   22757   22768
ON402372.1
  start     end
     298     731
    2611    2621
    2647    2975
    5456    5954
   15376   16370
   16372   16534
   16536   16558
   19124   19343
ON382562.1
  start     end
     309     350
     352     988
    2281    2291
    2325    2416
    2418    2480
    2495    2508
    2557    2572
    2596    2975
    5456    5951
   15376   16370
   16372   16534
   16536   16558
   19123   19343
   19345   19644
ON968724.1
  start     end
     280     793
     814     827
    1758    1983
    2777    2820
    2826    2848
    2853    2886
    2919    2975
    5723    5736
    5738    5951
   16378   16395
   16432   16449
   16452   16462
   16464   16478
   16491   16504
MZ388474.1
  start     end
     299     991
    1488    1983
    2368    2378
    2380    2393
    2397    2411
    2420    2431
    2433    2462
    2464    2474
    5748    5792
    5794    5951
   15376   15463
   15465   15871
   16152   16367
   18848   19637
MZ388473.1
  start     end
     312     335
     353     367
     381     435
     437     991
    1738    1749
    1760    1773
    1777    1984
    2291    2307
    2309    2479
    5725    5951
   15376   15872
   16167   16188
   16197   16367
   19109   19343
MZ388472.1
  start     end
     309     349
     352     991
    1488    1983
    2368    2378
    2433    2444
    2452    2462
    5801    5850
    5852    5951
   15376   15463
   15465   15871
   16152   16367
   18848   19415
   19417   19450
   19461   19484
MZ388471.1
  start     end
     309     349
     352     991
    1488    1983
    2368    2378
    2433    2444
    2452    2462
    5801    5850
    5852    5951
   15376   15463
   15465   15871
   16152   16368
   16391   16408
   16411   16428
   16450   16465
   16469   16480
   18848   19415
   19417   19450
   19461   19484
MZ388470.1
  start     end
     309     349
     352     991
    1588    1598
    1630    1983
    2368    2378
    2380    2393
    2433    2462
    5810    5835
    5854    5951
   15376   15463
   15465   15871
   16221   16270
   16273   16367
   18848   19655
MZ388469.1
  start     end
     306     334
     351     454
     456     991
    1775    1983
    5727    5738
    5747    5951
   15376   15462
   15464   15871
   16185   16210
   16212   16276
   16278   16292
   16343   16356
   18848   19576
   19578   19589
ON494594.1
  start     end
       5     991
    2158    2479
    2667    2681
    2694    2705
    2708    2975
    5795    5816
    5822    5835
    5863    5884
    5895    5927
    5929    5940
   15392   15442
   15450   15586
   15589   15730
   15744   15774
   15776   15871
   16213   16228
   16230   16255
   19109   19343
MH700629.1
  start     end
     245     727
    1658    1672
    1687    1983
    2364    2374
    2376    2389
    2395    2407
    2416    2427
    2429    2458
    2460    2470
    2748    2764
    2808    2826
    5698    5712
    5718    5738
    5740    5951
    6635    6646
    6648    6664
    6678    6943
   15376   15598
   15600   15871
   16183   16203
   16210   16274
   16276   16331
   16333   16367
   19041   19058
   19084   19343
MH700628.1
  start     end
     304     333
     349     991
    1734    1745
    1749    1769
    1772    1983
    2331    2351
    2359    2391
    2393    2411
    2413    2428
    2430    2471
    2811    2827
    6737    6943
   15376   15871
   16188   16204
   18918   18929
   18971   18986
   19004   19020
   19022   19343
MH700627.1
  start     end
     245     727
    1488    1983
    2379    2389
    2429    2458
    2748    2764
    2808    2841
    5698    5712
    5718    5738
    5740    5951
    6635    6646
    6648    6664
    6678    6943
   15376   15871
   16183   16203
   16210   16274
   16276   16331
   16333   16367
   19041   19058
   19084   19343
OL900393.1
  start     end
     259     281
     286     495
     497     786
     801     813
    1747    1763
    1767    1788
    1790    1983
    5754    5768
    5777    5791
    5794    5951
   15376   15871
   16344   16354
   18848   19615
   19617   19629
MW816149.1
  start     end
     248     774
    2263    2479
    2738    2749
    2751    2873
    2875    2975
    5456    6016
   13888   13898
   15376   16370
   16372   16515
   19126   19343
OM777140.1
  start     end
       0     495
    1732    1748
    1751    1769
    1776    1983
    2299    2330
    2338    2480
    2642    2975
    5741    5753
    5779    5835
    5837    5951
   19122   19343
OM256446.1
  start     end
     248     989
    1737    1748
    1757    1772
    1775    1983
    2666    2975
    5456    5951
   15376   16367
   19037   19047
   19049   19071
   19097   19395
   19398   19413
   19415   19457
   19466   19483
   19541   19551
MZ772936.1
  start     end
       5     991
    1730    1748
    1752    1983
    2158    2479
    2661    2975
    5456    5951
   15376   16367
   18929   18942
   18988   19007
   19015   19031
   19033   19343
MZ802777.1
  start     end
       5     991
    1730    1750
    1752    1983
    2368    2378
    2380    2393
    2420    2431
    2433    2462
    2464    2474
    5754    5775
    5777    5792
    5794    5951
   15376   15464
   15466   15871
   18848   19392
   19394   19447
   19449   19498
MZ802776.1
  start     end
     245     727
    1658    1672
    1687    1983
    2364    2374
    2376    2389
    2395    2407
    2416    2427
    2429    2458
    2460    2470
    2748    2764
    2808    2826
    5698    5712
    5718    5738
    5740    5951
    6635    6646
    6648    6664
    6678    6943
   15376   15598
   15600   15871
   16183   16203
   16210   16274
   16276   16331
   16333   16367
   19041   19058
   19084   19343
MZ802775.1
  start     end
     245     727
    1658    1672
    1687    1983
    2364    2374
    2376    2389
    2395    2407
    2416    2427
    2429    2458
    2460    2470
    2748    2764
    2808    2826
    5698    5712
    5718    5738
    5740    5951
    6635    6646
    6648    6664
    6678    6943
   15376   15598
   15600   15871
   16183   16203
   16210   16274
   16276   16331
   16333   16367
   19041   19058
   19084   19343
MZ802774.1
  start     end
     265     287
     291     771
     773     791
    1488    1595
    1601    1983
    2809    2827
    5814    5826
    5875    5891
    5918    5939
    5941    5951
    6687    6715
    6724    6735
    6737    6943
   15376   15871
   16184   16209
   16218   16268
   16277   16311
   16335   16366
   19135   19343
MZ802773.1
  start     end
     265     287
     291     771
     773     791
    1488    1595
    1601    1983
    2809    2827
    5814    5826
    5875    5891
    5918    5939
    5941    5951
    6687    6715
    6724    6735
    6737    6943
   15376   15871
   16184   16209
   16218   16268
   16277   16311
   16335   16366
   19135   19343
MZ802772.1
  start     end
     265     287
     291     771
     773     791
    1488    1595
    1601    1983
    2809    2827
    5814    5826
    5875    5891
    5918    5939
    5941    5951
    6687    6715
    6724    6735
    6737    6943
   15376   15871
   16184   16209
   16218   16268
   16277   16311
   16335   16366
   19135   19343
OK546242.1
  start     end
     250     989
    1776    1983
    2662    2975
    5689    5951
   15376   16367
   18848   19395
   19397   19454
   19457   19488
   19490   19530
   19532   19551
   19554   19574
MN520209.1
  start     end
     284     296
     301     659
     662     672
    1788    1862
    1869    1983
    2648    2975
    5456    5951
   15376   16517
   19153   19169
   19171   19343
   22761   22781
   22798   22815
MN520208.1
  start     end
       5     991
    1784    1797
    1799    1850
    1857    1983
    2652    2975
    5669    5686
    5689    5951
   15376   15469
   15471   16027
   16029   16367
   18874   18885
   18908   18939
   18958   19005
   19012   19343
MN520207.1
  start     end
       6      24
      26     991
    1784    1797
    1799    1823
    1825    1850
    1857    1974
    2652    2975
    5645    5687
    5689    5951
   15376   15469
   15471   16027
   16029   16367
   18925   18937
   18985   19003
   19011   19027
   19030   19391
   19398   19450
   19453   19492
MN520206.1
  start     end
     279     293
     296     879
     881     895
     898     921
     923     978
     980     990
    2264    2480
    2673    2688
    2714    2750
    2752    2975
    5456    5951
   15376   15473
   15481   15944
   15949   16008
   16178   16189
   16202   16227
   16229   16286
   16289   16322
   16325   16660
   19121   19343
MN520205.1
  start     end
     279     293
     296     879
     881     895
     898     921
     923     978
     980     990
    2264    2480
    2673    2688
    2714    2750
    2752    2975
    5456    5951
   15376   15473
   15481   15944
   15949   16008
   16178   16189
   16202   16227
   16229   16286
   16289   16322
   16325   16660
   19148   19164
   19166   19343
MN520204.1
  start     end
       5     991
    1804    1823
    1825    1850
    1857    1983
    2661    2975
    5456    5951
   15376   15411
   15415   16367
   19048   19069
   19095   19354
   19356   19384
   19414   19433
MN520203.1
  start     end
     250     731
     733     752
    2658    2975
    5462    5476
    5602    5626
    5628    5954
   15376   16033
   16038   16581
   19138   19347
   19349   19400
   19407   19418
   19420   19459
   19471   19497
MN520202.1
  start     end
     309     340
     368     436
     438     451
     459     490
     492     991
    1872    1891
    1901    1912
    1920    1936
    2669    2975
    5284    5296
    5332    5355
    5376    5391
    5403    5413
    5415    5433
    5435    5951
   15376   16616
   19192   19215
   19217   19312
   19315   19333
MN520201.1
  start     end
       5     991
    2282    2292
    2302    2480
    2672    2975
    5456    5952
   15376   15478
   15480   16036
   16038   16370
   16372   16513
   18927   18948
   19000   19344
   19350   19401
   19408   19419
   19421   19501
   19503   19517
   19545   19560
   19567   19579
MN520200.1
  start     end
     311     334
     380     402
     404     434
     436     991
    1730    1750
    1752    1983
    2329    2479
    5800    5850
    5852    5951
   15417   15439
   15441   15457
   15482   15520
   15533   15601
   15604   15871
   16162   16184
   16186   16367
   19131   19343
   19345   19647
MN520199.1
  start     end
     492     991
    1738    1749
    1763    1773
    1777    1984
    2291    2307
    2309    2479
    5750    5793
    5795    5951
   15376   15871
   16163   16185
   16187   16271
   16280   16304
   16345   16355
   18848   19612
   19618   19630
MN520198.1
  start     end
       6     496
     499     509
     511     654
     657     669
    1924    1935
    2238    2480
    2659    2975
    5635    5951
   15376   15473
   15481   15894
   15896   15933
   15949   15972
   15974   16008
   16171   16189
   16202   16371
   16373   16514
   19148   19343
MN520197.1
  start     end
       5     991
    1804    1823
    1825    1850
    1857    1974
    2334    2354
    2362    2394
    2396    2414
    2416    2480
    5754    5775
    5777    5792
    5794    5951
   15376   15401
   15405   15463
   15473   15871
   16152   16367
   18848   19629
MN520196.1
  start     end
       5     991
    1804    1823
    1825    1850
    1857    1974
    2334    2354
    2362    2394
    2396    2414
    2416    2480
    5754    5775
    5777    5792
    5794    5951
   15376   15401
   15405   15463
   15473   15871
   16152   16367
   18848   19629
MN520195.1
  start     end
       5     991
    1804    1823
    1825    1850
    1857    1974
    2334    2354
    2362    2394
    2396    2414
    2416    2480
    5754    5775
    5777    5792
    5794    5951
   15376   15401
   15405   15463
   15473   15871
   16152   16367
   18848   19629
MN520194.1
  start     end
       5     496
     499     509
     511     654
     657     669
    1631    1645
    1647    1984
    2238    2248
    2259    2480
    2612    2622
    2648    2975
    5697    5951
   15376   15473
   15481   15885
   19140   19343
   22756   22776
   22796   22808
MN520193.1
  start     end
     492     991
    1738    1749
    1763    1773
    1777    1984
    2291    2307
    2309    2479
    5750    5793
    5795    5951
   15376   15871
   16163   16185
   16187   16271
   16280   16304
   16345   16355
   18848   19612
   19618   19630
MN520192.1
  start     end
       6     496
     499     509
     511     654
     657     669
    1631    1645
    1647    1983
    2259    2480
    2648    2975
    5697    5951
   15376   15473
   15481   15892
   15896   15921
   15923   15933
   15949   15971
   15974   15988
   16171   16189
   16202   16286
   16289   16367
   19055   19343
MN520191.1
  start     end
       0     500
     513     545
     547     563
    1803    1813
    1842    1952
    1954    1969
    1971    1983
    2253    2264
    2266    2480
    2627    2637
    2639    2975
    5796    5818
    5865    5886
    5909    5929
    5931    5942
   15376   15390
   15392   15450
   15452   15588
   15590   15871
   19111   19343
MN520190.1
  start     end
     250     731
     733     752
    2658    2975
    5462    5476
    5602    5626
    5628    5954
   15376   16033
   16038   16581
   19139   19343
MT663769.1
  start     end
       5     496
     498     592
     594     633
     635     653
    2272    2479
    2667    2975
    5456    5951
   15376   16029
   16038   16369
   16372   16383
   16391   16401
   16406   16422
   16438   16452
   16465   16478
   19055   19343
MZ802955.1
  start     end
       0     495
    2244    2482
    2612    2626
    2636    2975
    5698    5712
    5718    5738
    5740    5951
   15376   15597
   15599   15871
   16182   16207
   16209   16672
   16683   16704
   18848   18861
   18867   18888
   18890   18936
   18938   18999
   19001   19343
MW854634.1
  start     end
     245     778
     800     816
     878     888
     977     987
    2647    2975
    5456    5532
    5534    5555
    5557    5951
   15376   15941
   15946   16007
   16175   16186
   16206   16224
   16233   16246
   16258   16283
   16292   16306
   16310   16326
   16328   16347
   16351   16365
   16367   16577
   19137   19346
   19359   19370
   19372   19395
   19406   19417
   19419   19438
   19440   19452
   19471   19487
MZ291567.1
  start     end
       0     661
     663     687
    2164    2196
    2228    2253
    2255    2479
    2664    2679
    2691    2703
    2705    2975
    5456    5951
   15376   15874
   15890   15901
   15904   15923
   16169   16180
   16200   16278
   16280   16362
   19013   19029
   19033   19343
MW685624.1
  start     end
       5     825
    1790    1803
    1805    1861
    1863    1983
    2327    2366
    2368    2416
    2419    2437
    2439    2474
    2672    2687
    2700    2975
    5456    5534
    5536    5557
    5559    5954
   15376   16009
   16011   16025
   16055   16069
   16071   16089
   16098   16119
   16160   16369
   16391   16401
   16406   16422
   19129   19343
MW685623.1
  start     end
     201     212
     248     496
     498     653
     656     669
     671     683
    1867    1889
    1899    1910
    1918    1934
    2667    2975
    5456    5954
   15376   16581
   16583   16595
   16597   16610
   19122   19343
MW685622.1
  start     end
       5     825
    1790    1803
    1805    1861
    1863    1983
    2374    2384
    2439    2450
    2672    2687
    2700    2975
    5456    5954
   15376   16009
   16011   16025
   16055   16069
   16071   16089
   16098   16119
   16160   16369
   16391   16401
   16406   16422
   19129   19344
   19374   19391
   19422   19440
   19442   19456
   19472   19489
MT227371.1
  start     end
       0     672
     674     702
     704     741
     743     769
     771     789
     791     810
     812     835
     838     861
     863     882
     884     912
     920     930
     938     948
     950     991
    2700    2715
    2747    2757
    2768    2786
    2861    2873
    5658    5672
    5678    5698
    5700    5951
   15379   15395
   15397   15413
   15429   15871
   16211   16311
   16313   16364
   16366   16562
   19085   19343
MH118333.1
  start     end
       5     825
     831     842
     850     866
     880     890
     979     989
    1663    1675
    1697    1708
    1726    1983
    5794    5850
    5852    5951
   15497   15508
   15540   15570
   15604   15871
   16193   16206
   16221   16270
   16344   16354
   18848   19577
   19579   19590
MH118332.1
  start     end
     245     727
    1658    1672
    1687    1983
    2364    2374
    2376    2389
    2395    2407
    2416    2427
    2429    2458
    2460    2470
    2748    2764
    2808    2826
    5698    5712
    5718    5738
    5740    5951
    6635    6646
    6648    6664
    6678    6943
   15376   15393
   15403   15453
   15469   15597
   15600   15689
   15704   15741
   15761   15777
   15799   15810
   15818   15833
   15852   15871
   16189   16202
   16224   16272
   16275   16290
   16292   16309
   16334   16351
   16353   16368
   19032   19070
   19072   19343
MH118331.1
  start     end
       5     825
     831     842
     850     866
     880     890
     979     989
    1663    1675
    1697    1708
    1726    1983
    5794    5850
    5852    5951
   15497   15508
   15540   15570
   15604   15871
   16193   16206
   16221   16270
   16344   16354
   18848   19577
   19579   19590
MK625641.1
  start     end
     278     290
     295     991
    1863    1916
    1918    1957
    2327    2417
    2419    2479
    2667    2975
    5456    5954
   15376   15478
   15480   16029
   16038   16367
   19055   19077
   19079   19343
MK625640.1
  start     end
     278     290
     295     653
     656     669
     671     683
     685     695
    2335    2346
    2348    2360
    2368    2400
    2402    2416
    2422    2437
    2439    2453
    2458    2474
    2667    2975
    5456    5954
   15376   16029
   16038   16367
   19055   19344
   19430   19440
   22757   22769
MK625639.1
  start     end
     278     290
     295     653
     656     669
     671     683
     685     695
    2335    2346
    2348    2360
    2368    2400
    2402    2416
    2422    2437
    2439    2453
    2458    2474
    2667    2975
    5456    5954
   15376   16029
   16038   16367
   19055   19343
   22757   22769
MK625638.1
  start     end
     278     290
     295     653
     656     669
     671     683
     685     695
    2368    2400
    2402    2416
    2422    2437
    2439    2453
    2458    2474
    2667    2975
    5456    5954
   15376   16029
   16038   16367
   19055   19343
MW196362.1
  start     end
       5     496
     498     592
     594     633
     635     653
     656     666
    1870    1881
    2263    2479
    2667    2975
    5634    5954
   15376   16029
   16038   16370
   16372   16495
   19059   19077
   19090   19343
MN942260.1
  start     end
       5     991
    1737    1748
    1759    1772
    1776    1983
    2158    2479
    2661    2975
    5456    5951
   15376   15871
   16155   16684
   16686   16757
   18888   18901
   19002   19028
   19049   19343
MN781985.1
  start     end
       7     729
     731     759
    2280    2290
    2300    2310
    2312    2479
    2665    2975
    5693    5951
   15376   16008
   16175   16186
   16206   16224
   16233   16246
   16248   16283
   16292   16306
   16308   16326
   16328   16347
   16350   16365
   16367   16646
   19057   19073
   19108   19343
   23786   23798
MK359104.1
  start     end
     280     290
     295     991
    1730    1750
    1752    1772
    1774    1983
    2290    2480
    5800    5850
    5852    5951
   13201   13218
   13221   13391
   15376   15463
   15465   15871
   16156   16367
   18848   19637
MN173782.1
  start     end
     299     991
    1730    1748
    1756    1772
    1774    1983
    2290    2480
    5800    5850
    5852    5951
   15417   15439
   15441   15457
   15482   15520
   15533   15601
   15604   15871
   16151   16367
   18848   19645
MN173780.1
  start     end
     298     991
    1737    1748
    1756    1772
    1774    1983
    2290    2480
    5800    5850
    5852    5951
   13169   13182
   13196   13391
   15376   15463
   15465   15871
   16156   16367
   18848   19637
MN173781.1
  start     end
     299     991
    1730    1748
    1756    1772
    1774    1983
    2290    2480
    5800    5850
    5852    5951
   13169   13182
   13196   13391
   15541   15553
   15560   15570
   15604   15871
   16156   16367
   18848   19524
   19526   19545
MN173779.1
  start     end
     298     991
    1737    1748
    1756    1772
    1774    1983
    2290    2480
    5800    5850
    5852    5951
   13169   13182
   13196   13391
   15376   15463
   15465   15871
   16156   16367
   18848   19637
MT263013.1
  start     end
      68      84
      86     100
     120     170
     172     189
     191     202
     204     249
     251     980
    1733    1753
    1755    1984
    2269    2312
    2314    2479
    2815    2833
    5627    5637
    5663    5681
    5683    5951
   15376   15871
   16148   16367
   18848   18944
   18946   19003
   19005   19450
   19452   19617
KX361345.1
  start     end
     265     287
     291     771
     773     791
    1488    1595
    1601    1983
    2809    2827
    5814    5826
    5875    5891
    5918    5939
    5941    5951
    6687    6715
    6724    6735
    6737    6943
   15376   15871
   16184   16209
   16218   16268
   16277   16311
   16335   16366
   19135   19343
KX361344.1
  start     end
       5     991
    1730    1750
    1752    1983
    2368    2378
    2380    2393
    2420    2431
    2433    2462
    2464    2474
    5754    5775
    5777    5792
    5794    5951
   15376   15464
   15466   15871
   18848   19392
   19394   19447
   19449   19498
KX361343.1
  start     end
       5     991
    1730    1750
    1752    1983
    2368    2393
    2396    2411
    2416    2431
    2433    2474
    2476    2486
    2488    2525
    2551    2567
    2661    2705
    2716    2743
    2745    2792
    2794    2807
    2812    2845
    2866    2876
    2878    2892
    2894    2925
    2927    2951
    2959    2975
    5800    5850
    5852    5951
   15376   15464
   15466   15871
   16157   16278
   16280   16356
   18848   19392
   19394   19447
   19449   19499
   19501   19518
MH025764.1
  start     end
     278     290
     295     653
     656     669
     671     683
     685     695
    2335    2346
    2348    2360
    2368    2400
    2402    2416
    2422    2437
    2439    2453
    2458    2474
    2667    2975
    5456    5954
   15376   16029
   16038   16367
   19055   19344
   19430   19440
   22757   22769
MH025763.1
  start     end
     278     290
     295     653
     656     669
     671     683
     685     695
    2335    2346
    2348    2360
    2368    2400
    2402    2416
    2422    2437
    2439    2453
    2458    2474
    2667    2975
    5456    5954
   15376   16029
   16038   16367
   19055   19343
   22757   22769
MH025762.1
  start     end
     278     290
     295     653
     656     669
     671     683
     685     695
    2368    2400
    2402    2416
    2422    2437
    2439    2453
    2458    2474
    2667    2975
    5456    5954
   15376   16029
   16038   16367
   19055   19343
MN025260.1
  start     end
     263     991
    1729    1983
    5755    5767
    5808    5845
    5853    5875
    5877    5899
    5901    5917
    5919    5951
   15376   15462
   15464   15871
   19005   19021
   19023   19613
KX998969.1
  start     end
       5     825
     831     842
     850     866
     880     890
     979     989
    1663    1675
    1697    1708
    1726    1983
    5794    5850
    5852    5951
   15497   15508
   15540   15570
   15604   15871
   16193   16206
   16221   16270
   16344   16354
   18848   19577
   19579   19590
MK993519.1
  start     end
     201     213
     220     246
     248     989
    1737    1748
    1756    1772
    1776    1983
    2661    2975
    6640    6656
    6670    6693
    6695    6713
    6715    6726
    6736    6943
   15376   15589
   15591   15871
   18859   18877
   18882   19343
MN249445.1
  start     end
       5     991
    2132    2142
    2158    2479
    2667    2681
    2694    2705
    2708    2975
    5456    5951
   15376   16367
   18876   18888
   18890   18901
   18903   18949
   18951   19012
   19014   19343
MK330605.1
  start     end
     248     989
    1737    1748
    1759    1772
    1776    1983
    2666    2975
    5700    5951
   15376   16367
   19037   19071
   19073   19094
   19096   19455
   19457   19599
MK330604.1
  start     end
      26     991
    1864    1877
    1893    1904
    1912    1922
    2694    2705
    2708    2975
    5456    5528
    5530    5551
    5555    5574
    5576    5951
   15376   16367
   18848   19454
   19457   19530
   19532   19552
   19554   19577
MK572803.1
  start     end
     250     991
    1736    1748
    1752    1983
    2666    2975
    5456    5951
   15376   16367
   18848   19455
   19457   19596
MK355396.1
  start     end
       5     991
    1736    1748
    1752    1983
    2666    2975
    5456    5951
   15376   16367
   18848   19395
   19397   19454
   19457   19488
   19496   19523
   19538   19551
MK211169.1
  start     end
      26     991
    1864    1877
    1893    1904
    1912    1922
    2694    2705
    2708    2975
    5456    5528
    5530    5551
    5555    5574
    5576    5951
   15376   16367
   18858   19398
   19405   19457
   19461   19491
   19499   19516
   19541   19554
MK005882.1
  start     end
     248     989
    1737    1748
    1759    1772
    1776    1983
    2666    2975
    5700    5951
   15376   16367
   19037   19071
   19073   19094
   19096   19455
   19457   19599
KX443143.2
  start     end
     252     761
    1729    1750
    1752    1983
    2368    2393
    2396    2411
    2433    2474
    5777    5791
    5794    5850
    5852    5951
   15417   15457
   15482   15601
   15603   15871
   16162   16367
   18848   19615
   19617   19629
MH715491.1
  start     end
     250     495
    2667    2975
    5456    5952
   15376   16621
   19129   19344
   19374   19391
   19430   19440
   19442   19454
   19478   19489
MG832584.1
  start     end
     250     496
     498     653
     656     668
     671     683
    2479    2975
    5456    5954
   15376   16033
   16038   16558
   19181   19343
MH708125.1
  start     end
     298     786
     788     800
     802     825
     880     890
     979     989
    2611    2621
    2647    2975
    5456    5954
   15376   16370
   16372   16534
   16536   16558
   19124   19343
MH708124.1
  start     end
     298     731
    2611    2621
    2647    2975
    5456    5954
   15376   16370
   16372   16534
   16536   16558
   19124   19343
MH708123.1
  start     end
     298     731
    2611    2621
    2647    2975
    5456    5954
   15376   16370
   16372   16534
   16536   16558
   19124   19343
KY293678.1
  start     end
     278     293
     295     653
     656     669
     671     683
    2335    2346
    2348    2360
    2368    2400
    2402    2416
    2422    2437
    2439    2453
    2458    2474
    2752    2867
    2881    2966
    5456    5954
   15376   16029
   16038   16367
   19055   19343
MF642325.1
  start     end
     201     495
    2335    2417
    2419    2474
    2758    2780
    2782    2793
    2800    2816
    2818    2860
    2881    2966
    5456    6017
    6020    6050
    6063    6161
    6163    6182
    6184    6197
    6199    6227
    6235    6288
    6290    6447
    7143    7157
   15376   16581
   16583   16593
   16595   16610
   19044   19077
   19079   19097
   19099   19344
   19350   19389
   19391   19408
   19421   19451
   19475   19497
   19503   19517
MF642324.1
  start     end
       6     825
     831     842
     850     866
     880     890
     979     989
    2327    2417
    2419    2474
    2738    2749
    2751    2798
    2800    2873
    2875    2966
    5456    6447
    7143    7156
   15376   16630
   19044   19077
   19079   19097
   19099   19343
MF642323.1
  start     end
       0     825
     827     842
     850     878
     880     890
     900     911
     943     956
     979     989
    2335    2417
    2419    2474
    2758    2774
    2782    2793
    2800    2816
    2818    2860
    2881    2966
    5456    6017
    6020    6050
    6063    6161
    6163    6182
    6184    6197
    6199    6227
    6235    6288
    6290    6447
    6944    6956
    6964    7002
    7032    7057
    7059    7077
    7079    7107
    7109    7127
    7129    7159
    7163    7179
    7187    7201
    7203    7214
    7216    7230
    7246    7258
   15376   16656
   19139   19343
   23622   23634
   23638   23652
   23654   23807
MF642322.1
  start     end
       0     795
     797     825
     880     890
     979     989
    2374    2400
    2402    2416
    2422    2437
    2439    2474
    2758    2774
    2782    2793
    2806    2816
    2824    2860
    2881    2966
    5456    6017
    6020    6050
    6063    6161
    6163    6182
    6184    6197
    6199    6227
    6235    6288
    6290    6447
    7143    7156
   15376   16558
   19126   19343
MG837131.1
  start     end
       5     496
     498     592
     594     633
     635     653
     656     666
    1870    1881
    2263    2479
    2667    2975
    5634    5954
   15376   16029
   16038   16369
   19059   19077
   19090   19343
MG837130.1
  start     end
       5     496
     498     592
     594     633
     635     653
     656     666
    1870    1881
    2263    2479
    2667    2975
    5634    5954
   15376   16029
   16038   16369
   19059   19077
   19090   19343
MG242062.1
  start     end
       5     991
    1726    1983
    2162    2207
    2209    2228
    2230    2479
    2661    2975
    5456    5951
   15376   16367
   18929   18942
   18988   19007
   19015   19031
   19033   19343
LC260044.1
  start     end
       0     772
     774     789
    2594    2975
    5717    5737
    5739    5754
    5756    5951
   15376   15871
   16190   16233
   16235   16302
   16304   16317
   16321   16355
   16357   16367
   18882   18897
   18994   19004
   19006   19036
   19038   19343
LC260043.1
  start     end
       0     772
     774     789
    2545    2556
    2558    2568
    2594    2975
    5664    5678
    5684    5704
    5706    5951
   15376   15871
   16190   16233
   16235   16302
   16304   16317
   16321   16355
   16357   16369
   19086   19343
LC260042.1
  start     end
       0     772
     774     789
    2545    2556
    2558    2568
    2594    2975
    5718    5730
    5739    5754
    5756    5951
   15376   15871
   16190   16232
   16235   16302
   16304   16314
   16321   16355
   16357   16561
   18882   18897
   18994   19004
   19006   19036
   19038   19343
LC260041.1
  start     end
       0     772
     774     789
    2621    2634
    2644    2975
    5664    5678
    5684    5704
    5706    5951
   15376   15871
   16190   16233
   16235   16302
   16304   16317
   16321   16355
   16357   16369
   18994   19004
   19006   19025
   19027   19046
   19048   19343
LC260040.1
  start     end
       0     772
     774     789
    2621    2634
    2644    2975
    5664    5678
    5684    5704
    5706    5951
   15376   15871
   16159   16169
   16182   16317
   16319   16369
   18882   18897
   18994   19004
   19006   19036
   19038   19343
   25172   25185
LC260039.1
  start     end
       0     772
     774     789
    2621    2634
    2644    2975
    5664    5678
    5684    5704
    5706    5951
   15376   15871
   16159   16169
   16182   16317
   16319   16369
   18882   18897
   18994   19004
   19006   19036
   19038   19343
   25172   25185
LC260038.1
  start     end
       0     772
     774     789
    2621    2634
    2644    2975
    5664    5678
    5684    5704
    5706    5951
   15376   15871
   16190   16233
   16235   16302
   16304   16317
   16321   16355
   16357   16369
   18994   19004
   19006   19025
   19027   19046
   19048   19343
MF280390.1
  start     end
     294     333
     335     491
    2255    2275
    2277    2975
    5779    5789
    5792    5848
    5850    5951
   15376   15871
   16164   16182
   16184   16367
   16389   16463
   16465   16478
   19122   19363
   19413   19423
MF041982.1
  start     end
       5     991
    1737    1748
    1759    1772
    1776    1983
    2158    2207
    2209    2479
    2661    2975
    5456    5951
   15376   16367
   18929   18942
   18988   19007
   19015   19031
   19033   19343
KY513725.1
  start     end
     201     211
     248     991
    2282    2292
    2302    2480
    2672    2975
    5456    5952
   15376   15478
   15480   16036
   16038   16370
   16372   16513
   18927   18948
   19000   19344
   19350   19401
   19408   19419
   19421   19501
   19503   19517
   19545   19560
   19567   19579
KY513724.1
  start     end
       5     991
    1730    1748
    1752    1983
    2158    2975
    5456    5951
   15376   15388
   15390   15412
   15414   16367
   19141   19455
   19457   19530
   19532   19552
   19554   19578
KY363868.1
  start     end
       0     495
    2244    2482
    2636    2975
    5698    5712
    5718    5738
    5740    5951
   15376   15597
   15599   15871
   16182   16207
   16209   16650
   18848   18861
   18867   18888
   18890   18936
   18938   18999
   19001   19343
KY363867.1
  start     end
     260     272
     276     495
    2308    2492
    2500    2513
    2541    2555
    2653    2855
    2857    2975
    5814    5832
    5851    5873
    5875    5896
    5907    5951
   15376   15460
   15462   15598
   15600   15871
   16163   16180
   16183   16367
   16376   16613
   16620   16630
   18848   19343
KU665558.1
  start     end
     250     731
     733     752
    2335    2360
    2368    2400
    2402    2420
    2422    2437
    2439    2474
    2667    2975
    5456    5954
   15511   15523
   15543   15585
   15619   15631
   15633   15643
   15649   15699
   15837   15850
   16123   16151
   16153   16581
   19122   19343
MF948005.1
  start     end
      52     110
     112     200
     202     496
    1871    1882
    1919    1935
    2238    2248
    2259    2481
    2612    2622
    2636    2975
    5697    5951
   15376   15473
   15481   15890
   15905   15921
   16178   16189
   16202   16227
   16229   16286
   16289   16350
   16352   16367
   19140   19343
   22732   22815
MF095123.1
  start     end
     250     731
    1826    1849
    1863    1980
    2374    2384
    2439    2450
    2458    2468
    5456    5951
   15376   15984
   15986   16020
   16046   16060
   16062   16074
   16079   16097
   16099   16141
   16144   16361
   18848   19392
   19399   19451
   19455   19485
   19493   19505
   19535   19548
KY926512.1
  start     end
     268     496
     498     592
     594     633
     635     653
    2258    2479
    2672    2687
    2700    2975
    5634    5957
    5959    5970
   15376   15472
   15480   16029
   16038   16656
   19152   19163
   19165   19343
MF431743.1
  start     end
     248     991
    1737    1748
    1759    1772
    1776    1983
    2158    2479
    2661    2975
    5456    5951
   15376   16367
   18921   18942
   18970   18986
   18988   19007
   19015   19343
MF431742.1
  start     end
     201     213
     220     232
     248     795
     802     823
    2263    2479
    2672    2687
    2731    2749
    2751    2975
    5456    6016
   13888   13898
   15376   16558
   19147   19163
   19165   19343
KY293677.1
  start     end
     278     290
     295     991
    2335    2346
    2348    2360
    2368    2400
    2402    2416
    2422    2437
    2439    2453
    2458    2474
    2667    2975
    5456    5954
   15376   15478
   15480   16029
   16038   16367
   19055   19343
LC260045.1
  start     end
       0     539
    2705    2745
    2747    2807
    2810    2820
    2828    2913
    2915    2970
    5487    5497
    5526    5555
    5557    5570
    5572    5951
   15376   15416
   15432   15871
   16121   16132
   16147   16314
   16316   16367
   16370   16380
   16391   16403
   16409   16424
   18848   19343
KY364365.1
  start     end
       5     496
     498     592
     594     633
     635     653
     656     666
    1870    1881
    2263    2479
    2667    2975
    5634    5954
   15376   16029
   16038   16370
   16372   16495
   19059   19077
   19090   19343
KY354364.1
  start     end
     201     212
     248     496
     498     592
     594     633
     635     653
    1870    1881
    2263    2479
    2667    2975
    5634    5957
    5959    5970
   15376   15893
   15895   15920
   16372   16513
   19044   19343
   23714   23724
   23750   23765
   23782   23802
KY354363.1
  start     end
     201     212
     248     496
     498     592
     594     633
     635     653
    1870    1881
    2263    2479
    2667    2975
    5634    5957
    5959    5970
   15376   15893
   15895   15920
   16372   16513
   19044   19343
   23714   23724
   23750   23765
   23782   23802
KX834352.1
  start     end
     304     333
     349     991
    1734    1745
    1753    1769
    1772    1983
    2430    2441
    2448    2459
    2816    2827
    6737    6943
   15376   15871
   16190   16203
   16225   16250
   18848   19343
KX834351.1
  start     end
     304     333
     349     991
    1734    1745
    1749    1769
    1772    1983
    2331    2351
    2359    2391
    2393    2411
    2413    2428
    2430    2471
    2811    2827
    6737    6943
   15376   15871
   16190   16203
   16225   16250
   18848   19343
KY065120.1
  start     end
     263     794
    1736    1747
    1755    1771
    1775    1983
    2295    2305
    2307    2480
    2660    2975
    5456    5951
   15376   15471
   15473   16367
   19037   19070
   19073   19454
   19456   19560
   19584   19595
KX118627.1
  start     end
     245     727
    1658    1672
    1687    1983
    2364    2374
    2376    2389
    2395    2407
    2416    2427
    2429    2458
    2460    2470
    2748    2764
    2808    2826
    5698    5712
    5718    5738
    5740    5951
    6635    6646
    6648    6664
    6678    6943
   15376   15393
   15403   15453
   15469   15597
   15600   15689
   15704   15741
   15761   15777
   15799   15810
   15818   15833
   15852   15871
   16189   16202
   16224   16272
   16275   16290
   16292   16309
   16334   16351
   16353   16368
   18916   18926
   19028   19343
KX022605.1
  start     end
       0     510
     513     563
    1798    1813
    1842    1983
    2253    2264
    2266    2481
    2548    2559
    2569    2581
    2583    2975
    5796    5822
    5865    5886
    5909    5929
    5931    5942
   15376   15390
   15392   15450
   15452   15588
   15590   15871
   19111   19343
KX022604.1
  start     end
       0     510
     513     563
    1798    1813
    1842    1983
    2253    2264
    2266    2480
    2627    2637
    2639    2975
    5796    5818
    5865    5886
    5909    5929
    5931    5942
   15376   15390
   15392   15450
   15452   15588
   15590   15871
   19111   19343
KX022603.1
  start     end
       0     500
     513     545
     547     558
    1798    1821
    1835    1983
    2242    2480
    2627    2637
    2639    2975
    5796    5818
    5865    5886
    5909    5929
    5931    5942
   15376   15390
   15392   15450
   15452   15588
   15590   15871
   19111   19343
KX022602.1
  start     end
       0     510
     513     563
    1798    1813
    1842    1983
    2253    2264
    2266    2480
    2627    2637
    2639    2975
    5796    5822
    5865    5886
    5909    5929
    5931    5942
   15376   15390
   15392   15450
   15452   15588
   15590   15871
   19111   19343
KU984334.1
  start     end
     265     287
     291     771
     773     791
    1734    1745
    1753    1769
    1772    1983
    2430    2441
    2449    2459
    2816    2827
    5814    5828
    5875    5897
    5917    5951
    6687    6715
    6724    6735
    6737    6943
   15376   15598
   15600   15871
   16183   16203
   16210   16274
   16276   16331
   16333   16367
   19041   19058
   19084   19343
KU981062.1
  start     end
       6     496
     499     509
     511     654
     657     669
    1631    1645
    1647    1984
    2238    2248
    2259    2480
    2612    2622
    2648    2975
    5697    5951
   15376   15473
   15481   15892
   15896   15921
   15923   15933
   15949   15971
   15974   15988
   16171   16189
   16202   16286
   16289   16367
   19140   19343
   22756   22770
KU981061.1
  start     end
       6     496
     499     509
     511     654
     657     669
    1631    1645
    1647    1984
    2238    2248
    2259    2480
    2612    2622
    2648    2975
    5697    5951
   15376   15473
   15481   15892
   15896   15921
   15923   15933
   15949   15971
   15974   15988
   16171   16189
   16202   16286
   16289   16367
   19140   19343
   22756   22770
KU981060.1
  start     end
       6     762
     764     787
     789     801
     803     829
     832     849
     851     870
     881     895
     898     921
     932     942
     944     964
     980     990
    1631    1645
    1647    1984
    2238    2248
    2259    2480
    2612    2622
    2648    2975
    5697    5951
   15376   15473
   15481   15892
   15896   15921
   16178   16189
   16202   16227
   16229   16286
   16295   16310
   16312   16367
   19140   19343
   22756   22770
KU981059.1
  start     end
       6     762
     764     787
     789     801
     803     829
     832     849
     851     870
     881     895
     898     921
     932     942
     944     964
     980     990
    1631    1645
    1647    1984
    2238    2248
    2259    2480
    2612    2622
    2648    2975
    5697    5951
   15376   15473
   15481   15892
   15896   15921
   16178   16189
   16202   16227
   16229   16286
   16295   16310
   16312   16367
   19140   19343
   22756   22770
KU051649.1
  start     end
     245     715
     717     727
    1658    1672
    1687    1983
    2364    2374
    2376    2389
    2395    2407
    2416    2427
    2429    2458
    2460    2470
    2748    2764
    2808    2826
    5698    5712
    5718    5738
    5740    5951
    6635    6646
    6648    6664
    6678    6943
   15376   15393
   15403   15453
   15469   15597
   15600   15689
   15704   15741
   15761   15777
   15799   15810
   15818   15833
   15852   15871
   16189   16202
   16224   16272
   16275   16290
   16292   16309
   16334   16351
   16353   16368
   19032   19070
   19072   19343
KU051641.1
  start     end
     245     727
    1658    1672
    1687    1983
    2364    2374
    2376    2389
    2395    2407
    2416    2427
    2429    2458
    2460    2470
    2748    2764
    2808    2826
    5698    5712
    5718    5738
    5740    5951
    6635    6646
    6648    6664
    6678    6943
   15376   15393
   15403   15453
   15469   15597
   15600   15689
   15704   15741
   15761   15777
   15799   15810
   15818   15833
   15852   15871
   16189   16202
   16224   16272
   16275   16290
   16292   16309
   16334   16351
   16353   16368
   19032   19070
   19072   19343
KR265865.1
  start     end
       0     500
     513     545
     547     558
    1798    1821
    1835    1983
    2242    2480
    2627    2637
    2639    2975
    5735    5951
   15376   15390
   15392   15450
   15452   15588
   15590   15871
   19111   19343
KR265864.1
  start     end
       0     497
     525     545
    1798    1821
    1835    1983
    2253    2263
    2274    2284
    2286    2480
    2627    2637
    2639    2975
    5796    5818
    5865    5886
    5909    5929
    5931    5942
   15404   15444
   15452   15582
   15592   15619
   15621   15671
   19111   19343
KR265863.1
  start     end
       0     500
     513     545
     547     558
    1798    1821
    1835    1983
    2242    2480
    2646    2659
    2671    2683
    2685    2975
    5797    5817
    5865    5877
    5909    5929
    5931    5942
   15376   15388
   15394   15444
   15452   15588
   15590   15871
   19111   19343
KR265862.1
  start     end
       0     195
     200     500
     513     545
     547     558
    1798    1821
    1835    1983
    2242    2480
    2627    2637
    2639    2975
    5797    5817
    5865    5877
    5909    5929
    5931    5942
   15376   15388
   15394   15444
   15452   15588
   15590   15871
   19111   19343
KR265861.1
  start     end
       0     500
     513     545
     547     558
    1798    1821
    1835    1983
    2242    2480
    2639    2975
    5804    5816
    5909    5929
   15376   15390
   15392   15450
   15452   15588
   15590   15871
   19111   19343
KR265860.1
  start     end
       0     500
     513     545
     547     558
    1798    1821
    1835    1983
    2242    2480
    2639    2975
    5804    5816
    5909    5929
   15376   15390
   15392   15450
   15452   15588
   15590   15871
   19111   19343
KR265859.1
  start     end
       0     500
     513     545
     547     558
    1798    1821
    1835    1983
    2242    2480
    2639    2975
    5804    5816
    5909    5929
   15376   15390
   15392   15450
   15452   15588
   15590   15871
   19111   19343
KR265858.1
  start     end
       0     500
     513     545
     547     558
    1842    1882
    1890    1906
    1917    1929
    1954    1965
    2242    2480
    2646    2975
    5713    5729
    5731    5951
   15376   15390
   15392   15450
   15452   15588
   15590   15871
   19111   19343
KR265857.1
  start     end
       0     500
     513     545
     547     558
    1798    1821
    1835    1983
    2242    2480
    2627    2637
    2639    2975
    5743    5779
    5781    5951
   15376   15390
   15392   15450
   15452   15588
   15590   15871
   19111   19343
KR265856.1
  start     end
       0     500
     513     545
     547     558
    1798    1821
    1835    1983
    2242    2480
    2627    2637
    2639    2975
    5743    5779
    5781    5951
   15376   15390
   15392   15450
   15452   15588
   15590   15871
   19111   19343
KR265855.1
  start     end
       0     500
     513     545
     547     558
    2242    2480
    2639    2975
    5709    5729
    5731    5951
   15376   15390
   15392   15450
   15452   15588
   15590   15871
   19098   19109
   19111   19343
KR265854.1
  start     end
       0     500
     524     545
     547     557
    2242    2480
    2627    2637
    2639    2975
    5713    5729
    5731    5951
   15376   15390
   15392   15450
   15452   15588
   15590   15871
   19111   19343
KR265853.1
  start     end
       0     500
     513     545
     547     558
    1798    1821
    1835    1983
    2627    2637
    2639    2975
    5713    5729
    5731    5951
   15376   15390
   15392   15450
   15452   15588
   15590   15871
   19111   19343
KR265852.1
  start     end
       0     500
     513     545
     547     558
    1798    1821
    1835    1983
    2242    2480
    2627    2637
    2639    2975
    5713    5729
    5731    5951
   15376   15390
   15392   15450
   15452   15588
   15590   15871
   19111   19343
KR265851.1
  start     end
       0     500
     513     545
     547     558
    1798    1821
    1835    1983
    2253    2264
    2266    2480
    2627    2637
    2639    2975
    5796    5818
    5865    5886
    5909    5929
    5931    5942
   15376   15390
   15392   15450
   15452   15588
   15590   15871
   19111   19343
KR265850.1
  start     end
       0     500
     525     545
    1798    1821
    1835    1983
    2242    2480
    2627    2637
    2639    2975
    5797    5817
    5865    5877
    5909    5929
    5931    5942
   15376   15390
   15392   15450
   15452   15588
   15590   15871
   19111   19343
KR265849.1
  start     end
       0     500
     525     545
    1798    1821
    1835    1983
    2242    2480
    2627    2637
    2639    2975
    5797    5817
    5865    5877
    5909    5929
    5931    5942
   15376   15390
   15392   15450
   15452   15588
   15590   15871
   19111   19343
KR265848.1
  start     end
       0     500
     513     545
     547     558
    1798    1821
    1835    1983
    2144    2176
    2178    2194
    2208    2480
    2627    2637
    2639    2975
    5713    5729
    5731    5951
   15376   15390
   15392   15450
   15452   15588
   15590   15871
   19098   19109
   19111   19343
KR265847.1
  start     end
       0     500
     513     545
     547     558
    1798    1821
    1835    1983
    2144    2176
    2178    2194
    2208    2480
    2627    2637
    2639    2975
    5713    5729
    5731    5951
   15376   15390
   15392   15450
   15452   15588
   15590   15871
   19124   19343
KR150443.1
  start     end
       0     495
    2145    2181
    2186    2480
    2644    2975
    5742    5784
    5786    5951
   11413   11458
   11461   11483
   11485   11495
   11497   11517
   11519   11543
   11549   11561
   15376   15871
   19036   19048
   19087   19343
KT336560.1
  start     end
     201     213
     220     232
     248     774
     776     786
     807     823
    2263    2479
    2672    2687
    2731    2749
    2751    2975
    5456    5970
   15376   16370
   16372   16515
   16517   16534
   17365   17398
   17400   17412
   17452   17466
   19139   19343
KP757892.1
  start     end
       5     989
    2335    2360
    2368    2416
    2422    2437
    2439    2474
    2667    2975
    5456    5954
   15376   16029
   16038   16558
   19139   19343
KP757891.1
  start     end
       5     989
    1870    1881
    2272    2292
    2302    2479
    2667    2975
    5456    6016
    6020    6038
    6090    6100
   15376   16370
   16372   16515
   19059   19070
   19110   19343
KP757890.1
  start     end
       5     761
     763     774
     782     795
    2374    2384
    2439    2474
    2758    2774
    2782    2793
    2806    2816
    2824    2860
    2881    2966
    5456    6016
    6020    6038
    6090    6100
    7143    7156
   15376   16558
   19059   19077
   19109   19343
   23786   23802
KT021234.1
  start     end
     250     705
    2672    2687
    2713    2749
    2751    2975
    5456    5954
    5959    5970
   15376   16558
   19055   19077
   19079   19094
   19099   19343
   22755   22775
   22795   22811
KT266822.1
  start     end
       5     991
    1730    1748
    1752    1983
    2433    2449
    2451    2462
    2752    2768
    2812    2830
    5754    5768
    5777    5791
    5794    5850
    5852    5951
   15417   15463
   15473   15601
   15603   15871
   16151   16367
   18848   19611
KR131621.1
  start     end
     248     731
     733     752
    2271    2479
    2667    2975
    5456    5534
    5536    5557
    5559    5954
   15376   16630
   16635   16648
   19190   19202
   19215   19246
   19248   19311
   19313   19344
   19350   19401
   19408   19419
   19421   19460
   19465   19502
   19504   19514
   19544   19557
KJ769231.1
  start     end
       5     496
     498     592
     594     633
     635     653
    1870    1881
    2263    2479
    2667    2975
    5634    5974
   15376   15946
   15948   16007
   16357   16370
   16372   16515
   16517   16534
   19059   19070
   19110   19343
KJ567050.1
  start     end
       5     496
     498     592
     594     633
     635     653
    1870    1881
    2263    2479
    2667    2975
    5614    5626
    5628    5954
   15376   16033
   16038   16370
   16372   16503
   19059   19077
   19109   19343
KP981395.1
  start     end
       5     496
     498     592
     594     633
     635     653
     656     666
    1870    1881
    2263    2479
    2667    2975
    5634    5954
   15376   16029
   16038   16370
   16372   16495
   19059   19077
   19090   19343
KM820765.1
  start     end
       5     496
     498     592
     594     633
     635     653
    1870    1881
    2263    2479
    2672    2687
    2700    2975
    5614    5626
    5628    5954
   15376   16029
   16038   16370
   16372   16495
   19059   19077
   19109   19343
KJ601780.1
  start     end
       0     495
    2154    2168
    2170    2186
    2218    2975
    5747    5951
   15376   15468
   15470   15598
   15600   15871
   16159   16367
   16376   16516
   16528   16540
   18902   18936
   18969   18995
   19003   19343
KJ601779.1
  start     end
       0     495
    1813    1823
    1845    1983
    2154    2168
    2170    2186
    2218    2975
    5679    5693
    5695    5951
   15376   15871
   16163   16180
   16183   16367
   16376   16516
   16528   16540
   18868   18889
   18891   18937
   18946   18996
   19003   19343
KJ601778.1
  start     end
       0     495
    2150    2186
    2191    2204
    2218    2975
    5725    5738
    5741    5951
   15376   15871
   16163   16180
   16183   16367
   16376   16516
   16528   16540
   18878   18889
   18899   18937
   18946   18996
   19003   19343
KJ601777.1
  start     end
       0     495
    2154    2168
    2170    2186
    2218    2975
    5725    5738
    5741    5951
   15376   15871
   16163   16180
   16183   16367
   16376   16516
   16528   16540
   18878   18889
   18899   18937
   18946   18996
   19003   19343
KJ481931.1
  start     end
       0     495
    1813    1823
    1845    1983
    2154    2168
    2170    2186
    2218    2975
    5679    5693
    5695    5951
   15376   15871
   16163   16180
   16183   16367
   16376   16516
   16528   16540
   18868   18889
   18891   18937
   18946   18996
   19003   19343
