Hedgehog coronavirus 1.fas
MK679660.1
  start     end
    8491    8511
   18834   18844
   24800   24812
   24814   24834
   24836   24853
NC_039207.1
  start     end
    3326    3341
    5282    5455
    8432    8613
   14704   14723
   14745   14800
   14803   14813
   14817   14840
   14860   14877
KC545386.1
  start     end
    8502    8520
KC545383.1
  start     end
    3326    3341
    5282    5455
    8432    8613
   14704   14723
   14745   14800
   14803   14813
   14817   14840
   14860   14877
