Human coronavirus 229E.fas
MT797634.1
  start     end
       0     495
   13624   13649
   13651   13671
   13675   13689
   13691   13887
KY996417.1
  start     end
       0     495
   13392   14279
   14283   14325
   14351   14363
KF293666.1
  start     end
       0     486
   12038   12053
   12055   12082
   12084   12098
   12101   12124
   12126   12399
   13579   13887
KF293665.1
  start     end
       0     486
   12038   12053
   12055   12082
   12084   12098
   12101   12124
   12126   12399
   13579   13887
KF293664.1
  start     end
       0     486
   12038   12053
   12055   12082
   12084   12098
   12101   12124
   12126   12399
   13579   13887
JX503061.1
  start     end
       0     495
   13753   13778
   13780   13793
   13803   13882
   26088   26116
   26118   26144
   26146   26287
JX503060.1
  start     end
       0     495
   13392   14279
   14283   14325
   14351   14363
OK073084.1
  start     end
       0     495
   13700   13887
   19122   19143
   19145   19164
   19181   19238
   19240   19266
   19268   19327
OK073083.1
  start     end
       0     495
   13622   13649
   13660   13673
   13675   13689
   13691   13887
OK073082.1
  start     end
       0     495
   13431   13444
   13446   13458
   13468   13486
   13527   13541
   13551   13888
   13890   13906
OK073081.1
  start     end
      17      45
      60     495
   13730   13743
   13746   13771
   13775   13887
   27244   27271
OK073080.1
  start     end
       0     495
   13687   13701
   13716   13887
   27173   27207
OK073079.1
  start     end
       0     495
   13636   13646
   13660   13671
   13679   13689
   13691   13887
OK073078.1
  start     end
       0     495
   13698   13716
   13720   13887
   18855   19102
   19108   19132
OK073077.1
  start     end
       0     495
   13636   13646
   13660   13671
   13679   13689
   13691   13887
LC654445.1
  start     end
       0     495
   13729   13887
ON729316.1
  start     end
       7      98
     100     495
   13728   13738
   13743   13887
ON791801.1
  start     end
       0     495
   13624   13649
   13660   13671
   13675   13689
   13691   13887
KY621348.1
  start     end
       0     495
   13660   13673
   13689   13887
   19848   19858
   19880   19890
KY674914.1
  start     end
       0     495
   11387   11420
KY369909.2
  start     end
       0     495
   12407   12438
   12465   12483
   12508   12523
   12528   12546
   12549   12570
   13392   13404
   13419   13430
   13432   13887
KY369914.1
  start     end
       0     495
   13729   13887
KY369912.1
  start     end
      14     495
   13714   13728
   13730   13887
   19127   19139
   19199   19225
   19255   19267
   19278   19290
   19292   19309
   19311   19321
   26095   26108
   26118   26132
   26148   26287
KY983587.1
  start     end
       0     495
   13624   13646
   13660   13671
   13679   13689
   13691   13887
KY967357.1
  start     end
       0     495
   13716   13730
   13732   13887
   19208   19219
   19257   19269
   19287   19299
   19313   19323
KY684760.1
  start     end
       0     495
   13624   13649
   13660   13671
   13675   13689
   13691   13887
MZ712010.1
  start     end
       0     495
   13694   13710
   13712   13723
   13726   13887
   19856   19883
   19885   19909
   19911   19933
   19936   20011
   20018   20039
   26019   26287
OK662398.1
  start     end
       0     495
   26036   26062
   26064   26287
MH828489.1
  start     end
       0     495
   13724   13887
LC654446.1
  start     end
       0     495
   13772   13792
   13794   13815
   13826   13869
   13871   13887
AB691767.2
  start     end
       0     495
   13607   13625
   13631   13660
   13662   13887
AB691766.2
  start     end
      11     495
   12400   12775
   12777   12808
   12810   12876
   12878   12895
   13727   13741
   13743   13887
   23313   23371
   23373   23415
   23418   23428
   23437   23455
   26068   26287
AB691765.2
  start     end
      12      52
      54     468
     470     495
   12400   12775
   12778   12809
   12812   12851
   12853   12876
   12880   12895
   13700   13713
   13716   13887
   26075   26287
AB691764.2
  start     end
       0     495
   13695   13707
   13709   13722
   13724   13887
   26083   26287
MW587038.1
  start     end
       0     495
MW587037.1
  start     end
       0     495
   19130   19142
   19151   19163
   19173   19215
   19218   19245
   19247   19278
   19292   19303
   19305   19317
MW587036.1
  start     end
       0      10
      12      37
      39      68
      70      89
      91     110
     118     160
     162     204
     208     223
     230     273
     276     291
   18639   18650
   18652   18847
MW587035.1
  start     end
       0     495
   10912   10923
   13732   13747
   13754   13767
   13769   13784
   13786   13882
OK625404.1
  start     end
       0     495
   13692   13709
   13711   13721
   13725   13887
   25996   26015
   26017   26287
MW202340.1
  start     end
       0     495
   13392   13679
   13681   13733
   13736   13760
   13777   13803
   13805   13826
   13837   13880
   13888   13898
NC_002645.1
  start     end
       0     495
   26036   26062
   26064   26287
KY674919.1
  start     end
       0     312
     314     340
   13410   13452
   13454   13499
   13513   13542
   13557   13583
   13585   13596
MW532107.1
  start     end
       0     495
   13417   13502
   13516   13887
MW532106.1
  start     end
       0     495
   13392   14176
MW532105.1
  start     end
       0     495
   13408   13505
   13507   13887
MW532104.1
  start     end
       0     495
   13417   13502
   13516   13527
   13529   13887
MW532103.1
  start     end
       0     495
   13618   13887
MT118677.1
  start     end
       0     495
   13624   13649
   13660   13671
   13675   13689
   13691   13887
MW039392.1
  start     end
MT438700.1
  start     end
       0     495
   13729   13887
   26144   26158
   26270   26283
   27266   27279
MT438699.1
  start     end
       0     495
   13756   13887
MT438698.1
  start     end
       7     495
   13757   13783
   13785   13815
   13817   13887
   27246   27275
MT438697.1
  start     end
       0     495
   13728   13887
   27263   27279
MT438696.1
  start     end
       0     495
   13674   13684
   13686   13713
   13715   13887
   26094   26124
   26132   26146
   26154   26199
   26201   26233
   26235   26287
   27254   27275
MN369046.1
  start     end
       0     495
   11378   11391
   11393   11407
   13400   13488
   13502   13585
   13740   13759
   13771   13785
   13829   13839
MN306046.1
  start     end
       0     495
   13392   13888
   14192   14206
   14208   14280
   14284   14330
   14346   14371
KY369913.1
  start     end
       0     495
   13574   13612
   13614   13643
   13645   13887
   19125   19135
   19197   19226
   19253   19265
   19290   19324
KY369911.1
  start     end
       0     495
   13622   13649
   13651   13887
   26076   26287
KY369910.1
  start     end
      14     495
   13702   13887
   19127   19139
   19199   19225
   19255   19267
   19278   19290
   19292   19309
   19311   19321
   26065   26287
KY369908.1
  start     end
       0     495
   13392   13887
   18848   19166
   19189   19200
MF542265.1
  start     end
       0     495
   13392   13888
   14192   14206
   14208   14280
   14284   14330
   14346   14371
KU291448.1
  start     end
       0     496
KF514433.1
  start     end
       0     495
   13568   13643
   13645   13887
   19121   19142
   19144   19161
   19180   19237
   19246   19265
   19269   19326
   26027   26287
KF514432.1
  start     end
       0     495
   13687   13718
   13720   13887
   26019   26037
   26039   26287
KF514431.1
  start     end
       0     495
   13620   13887
   26052   26103
   26111   26190
   26203   26245
   26248   26278
KF514430.1
  start     end
       0     495
   13568   13643
   13645   13887
   18853   18863
   18865   19343
   26027   26287
KF514429.1
  start     end
      19      39
      41      58
      60      86
      89     118
     120     431
     433     495
   13568   13643
   13645   13887
   18865   19343
   26040   26052
   26060   26287
AF304460.1
  start     end
       0     495
   26036   26062
   26064   26287
KT253272.1
  start     end
       0     495
   17360   17677
   24334   24407
   24409   24750
   24752   24785
   25155   25201
   25204   25232
   25247   25274
   25277   25295
KT253271.1
  start     end
       0     495
    3903    3913
    3919    3936
    3955    3966
   10912   11343
   11353   11404
   12400   12895
   17360   17586
   23807   24455
   24457   24632
   24637   24799
   26703   26719
   26753   26769
   26783   27657
KT253270.1
  start     end
       0     766
   17360   17749
   17751   17770
   24666   24683
   24693   24792
   25811   26287
KT253269.1
  start     end
       0     991
   13888   14383
   16116   16367
   17360   17794
   26179   26192
   26224   26241
JQ410000.1
  start     end
       0     495
    1771    1983
   24161   24184
   24188   24217
   25296   25443
   25445   25733
   25737   25791
   26062   26287
NC_028752.1
  start     end
       0     495
    1746    1756
    1770    1983
   20832   20928
   20930   21013
   21023   21046
   24109   24188
   24190   24303
   25165   25202
   25220   25288
   25290   25367
   25370   25445
   25447   25661
   25663   25703
   25713   25729
   25741   25758
   25760   25791
   26061   26287
MF593473.1
  start     end
       0     495
    1746    1756
    1770    1983
   24109   24188
   24190   24303
   25152   25205
   25220   25367
   25370   25445
   25447   25661
   25663   25703
   25713   25729
   25741   25758
   25760   25792
   26014   26026
   26039   26287
KY073748.1
  start     end
       0     386
     400     416
    2776    2790
    2792    2808
    2810    2969
    4226    4463
    7349    7361
   25792   26287
KY073747.1
  start     end
       0     369
     391     401
   12428   12438
   12443   12462
   12464   12485
   12512   12539
   12556   12574
   12576   12589
   12597   12632
   24658   24676
   24713   24730
   24741   24752
   24755   24768
   25801   25811
   25813   25899
   25902   25950
   25952   26234
   26236   26287
KT253328.1
  start     end
      10      72
      75     354
     356     377
   24252   24264
   25110   25576
KT253327.1
  start     end
      10      72
      75     354
     356     377
   25090   25573
KT253326.1
  start     end
      10      72
      75     354
     356     377
   25096   25573
KT253325.1
  start     end
      10      72
      75     354
     356     377
   25096   25573
KT253324.1
  start     end
       0     495
    1746    1756
    1770    1983
   20832   20842
   20844   20872
   20888   20928
   20930   20943
   20945   20986
   20988   21009
   24108   24303
   25152   25205
   25220   25367
   25370   25445
   25447   25661
   25663   25703
   25706   25729
   25741   25791
   26041   26287
KU291449.1
  start     end
       0     715
     717     746
     748     763
   11408   11430
   11432   11461
   11472   11492
   12400   12410
   23312   23400
   23402   23415
KT368916.1
  start     end
       0     495
    1746    1756
    1770    1983
   20832   20842
   20844   20872
   20888   20928
   20930   20943
   20945   20966
   20974   20986
   20988   21009
   24108   24303
   25152   25205
   25220   25367
   25370   25445
   25447   25661
   25663   25703
   25713   25729
   25741   25758
   25760   25792
   25995   26005
   26014   26026
   26039   26287
KT368915.1
  start     end
       0     495
    1746    1756
    1770    1983
   24109   24187
   24190   24303
   25152   25205
   25220   25367
   25370   25445
   25447   25661
   25663   25703
   25713   25729
   25741   25758
   25760   25792
   25995   26005
   26007   26033
   26035   26287
KT368914.1
  start     end
       0     495
    1746    1756
    1770    1983
   24109   24188
   24190   24303
   25152   25205
   25220   25367
   25370   25445
   25447   25661
   25663   25703
   25713   25729
   25741   25758
   25760   25792
   26014   26026
   26039   26287
KT368913.1
  start     end
       0     495
    1746    1756
    1770    1983
   24109   24188
   24190   24303
   25152   25205
   25220   25367
   25370   25445
   25447   25661
   25663   25703
   25713   25729
   25741   25758
   25760   25792
   26014   26026
   26039   26287
KT368912.1
  start     end
       0     495
    1746    1756
    1770    1983
   24109   24188
   24190   24303
   25152   25205
   25220   25367
   25370   25445
   25447   25661
   25663   25703
   25713   25729
   25741   25758
   25760   25792
   26041   26287
KT368911.1
  start     end
       0     495
    1746    1756
    1770    1983
   24109   24188
   24190   24303
   25152   25205
   25220   25367
   25370   25445
   25447   25661
   25663   25703
   25713   25729
   25741   25758
   25760   25792
   26041   26287
KT368910.1
  start     end
       0     495
    1746    1756
    1770    1983
   24109   24188
   24190   24303
   25152   25205
   25220   25367
   25370   25445
   25447   25661
   25663   25703
   25713   25729
   25741   25758
   25760   25792
   26014   26026
   26039   26287
KT368909.1
  start     end
       0     495
    1746    1756
    1770    1983
   24109   24188
   24190   24303
   25152   25205
   25220   25367
   25370   25445
   25447   25661
   25663   25703
   25713   25729
   25741   25758
   25760   25792
   26014   26026
   26039   26287
KT368908.1
  start     end
       0     495
    1746    1756
    1770    1983
   20832   20842
   20844   20872
   20888   20928
   20930   20943
   20945   20966
   20974   20986
   20988   21009
   24108   24303
   25152   25205
   25220   25367
   25370   25445
   25447   25661
   25663   25703
   25713   25729
   25741   25758
   25760   25792
   26014   26026
   26039   26287
KT368907.1
  start     end
       0     495
    1746    1756
    1770    1983
   20832   20928
   20930   21013
   21023   21046
   24109   24188
   24190   24303
   25165   25202
   25220   25288
   25290   25367
   25370   25445
   25447   25661
   25663   25703
   25713   25729
   25741   25758
   25760   25791
   26061   26287
KT368906.1
  start     end
       0     495
    1746    1756
    1770    1983
   24109   24188
   24190   24303
   25152   25205
   25220   25445
   25447   25729
   25741   25792
   26014   26026
   26039   26287
KT368905.1
  start     end
       0     495
    1746    1756
    1770    1983
   24109   24188
   24190   24303
   25152   25205
   25220   25367
   25370   25445
   25447   25661
   25663   25703
   25713   25729
   25741   25758
   25760   25792
   26041   26287
KT368904.1
  start     end
       0     495
    1746    1756
    1770    1983
   24109   24188
   24190   24303
   25152   25205
   25220   25367
   25370   25445
   25447   25661
   25663   25703
   25713   25729
   25741   25758
   25760   25792
   26041   26287
KT368903.1
  start     end
       0     495
    1746    1756
    1770    1983
   20832   20842
   20844   20872
   20888   20928
   20930   20943
   20945   20966
   20974   20986
   20988   21009
   24109   24188
   24190   24303
   25152   25205
   25220   25367
   25370   25445
   25447   25661
   25663   25703
   25713   25729
   25741   25758
   25760   25791
   26090   26101
   26103   26287
KT368902.1
  start     end
       0     495
    1746    1756
    1770    1983
   24109   24188
   24190   24303
   25152   25205
   25220   25367
   25370   25445
   25447   25661
   25663   25703
   25713   25729
   25741   25758
   25760   25792
   26014   26026
   26039   26287
KT368901.1
  start     end
       0     495
    1746    1756
    1770    1983
   20832   20842
   20900   20910
   24109   24188
   24190   24303
   25147   25206
   25208   25367
   25370   25445
   25447   25661
   25663   25703
   25713   25729
   25741   25758
   25760   25792
   26041   26287
KT368900.1
  start     end
       0     495
    1746    1756
    1770    1983
   11566   11583
   11587   11614
   11635   11651
   20832   20842
   20900   20910
   24109   24188
   24190   24303
   25152   25205
   25220   25367
   25370   25445
   25447   25661
   25663   25703
   25713   25729
   25741   25758
   25760   25792
   26014   26026
   26041   26287
KT368899.1
  start     end
       0     495
    1746    1756
    1770    1983
   24109   24188
   24190   24303
   25152   25205
   25220   25367
   25370   25445
   25447   25661
   25663   25703
   25713   25729
   25741   25758
   25760   25792
   26014   26026
   26039   26287
KT368898.1
  start     end
       0     495
    1746    1756
    1770    1983
   20900   20910
   24109   24188
   24190   24303
   25152   25205
   25220   25367
   25370   25445
   25447   25661
   25663   25703
   25713   25729
   25741   25758
   25760   25792
   26014   26026
   26039   26287
KT368897.1
  start     end
       0     495
    1746    1756
    1770    1983
   24108   24303
   25152   25205
   25220   25367
   25370   25445
   25447   25661
   25663   25703
   25713   25729
   25741   25758
   25760   25792
   26014   26026
   26039   26287
KT368896.1
  start     end
       0     495
    1746    1756
    1770    1983
   24109   24188
   24190   24303
   25152   25205
   25220   25367
   25370   25445
   25447   25661
   25663   25703
   25713   25729
   25741   25758
   25760   25792
   26014   26026
   26039   26287
KT368895.1
  start     end
       0     495
    1746    1756
    1770    1983
   24109   24188
   24190   24303
   25152   25205
   25220   25367
   25370   25445
   25447   25661
   25663   25703
   25713   25729
   25741   25758
   25760   25792
   26014   26026
   26039   26287
KT368894.1
  start     end
       0     495
    1746    1756
    1770    1983
   24109   24188
   24190   24303
   25165   25194
   25220   25287
   25290   25367
   25370   25445
   25447   25661
   25663   25703
   25713   25729
   25741   25758
   25760   25792
   26014   26026
   26039   26287
KT368893.1
  start     end
       0     495
    1746    1756
    1770    1983
   24109   24188
   24190   24303
   25152   25205
   25220   25367
   25370   25445
   25447   25661
   25663   25703
   25713   25729
   25741   25758
   25760   25792
   26014   26026
   26039   26287
KT368892.1
  start     end
       0     495
    1746    1756
    1770    1983
   24109   24188
   24190   24303
   25152   25205
   25220   25367
   25370   25445
   25447   25661
   25663   25703
   25713   25729
   25741   25758
   25760   25792
   26014   26026
   26039   26287
JACTAM010002747.1
  start     end
    1984    2479
    5726    5883
    5885    5946
   10236   10249
   10276   10287
   18776   18792
   18847   19343
   19840   20335
   20687   21327
   30451   30473
   30752   31743
MT786446.1
  start     end
       0     495
   13392   13663
   26132   26142
   26144   26156
   26171   26287
   29143   29153
   29160   29263
NC_003436.1
  start     end
     496     826
     833     851
     856     875
    1488    1983
   17360   17855
   24034   24045
   24055   24303
   25083   25094
   25115   25151
   25153   25228
   25232   25295
   26288   26783
AF353511.1
  start     end
     496     826
     833     851
     856     875
    1488    1983
   17360   17855
   24034   24045
   24055   24303
   25083   25094
   25115   25151
   25153   25228
   25232   25295
   26288   26783
