Miniopterus bat coronavirus 1.fas
EU420138.1
  start     end
      97     109
     159     170
     172     495
   26941   26960
   26962   27279
NC_010437.1
  start     end
      97     109
     159     170
     172     495
   26941   26960
   26962   27279
KJ473796.1
  start     end
       0      18
      26      36
      39      56
      63     495
    7936    8176
   26942   26952
   26966   27028
   27030   27279
KJ473795.1
  start     end
       0     495
   17303   17313
   17320   17337
   26931   27279
EU420137.1
  start     end
     160     495
    5456    5761
    5770    5783
   16664   16863
   26784   27279
