Mink coronavirus 1.fas
MN535737.1
  start     end
    6998    7016
    7114    7129
    9787    9800
    9822    9834
   16236   16246
   16284   16323
   27397   27737
   27739   27765
MN535736.1
  start     end
    2480    2756
    4521    4534
    4540    4558
    4562    4581
    4585    4614
    5854    5865
    5867    5878
    5892    5951
    6944    7429
   21304   21314
NC_023760.1
  start     end
    1768    1784
    1786    1901
    1903    1926
    1946    1959
    1972    1983
   11382   11401
   16519   16534
   16552   16704
   16706   16863
   24767   24797
   26683   26693
HM245925.1
  start     end
    1768    1784
    1786    1901
    1903    1926
    1946    1959
    1972    1983
   11382   11401
   16519   16534
   16552   16704
   16706   16863
   24767   24797
   26683   26693
