Myodes coronavirus 2JL14.fas
OM373091.1
  start     end
     219     495
OM373090.1
  start     end
       0     495
    1783    1983
   19100   19343
   28660   28670
   28681   28767
   30752   30983
   30985   31006
   31008   31022
   31027   31048
   31050   31062
NC_046954.1
  start     end
       0     495
    1881    1893
    1917    1929
    1934    1983
    3472    3967
   12896   13402
   13454   13466
   14880   15375
   16544   16583
   16585   16864
   17332   17359
   19689   19763
   19765   19839
   30212   30228
KY370046.1
  start     end
       0     495
    1881    1893
    1917    1929
    1934    1983
    3472    3967
   12896   13402
   13454   13466
   14880   15375
   16544   16583
   16585   16864
   17332   17359
   19689   19763
   19765   19839
   30212   30228
KY370045.1
  start     end
       0     991
    3472    3922
    3924    3946
    3948    3967
    5456    5476
    5478    5496
    5522    5545
    5556    5609
    5611    5622
    5636    5665
    5667    5951
   12111   12123
   12157   12189
   12191   12399
   26615   26631
   26658   26668
   27647   27658
   27719   27730
   27776   28271
