Rhinolophus ferrumequinum alphacoronavirus HuB-2013.fas
NC_028814.1
  start     end
     992    1487
    4121    4306
   13888   13982
   13984   14004
   14007   14383
   14923   14937
   15007   15017
   15041   15051
   17709   17849
KJ473810.1
  start     end
       0      70
      79      94
      96     115
     120     152
     163     181
     183     200
     992    1487
    3968    4463
   13753   13887
   25795   25807
   25829   25842
   25863   25879
   25895   25907
   25976   25993
   26036   26287
KJ473807.1
  start     end
     992    1487
    4121    4306
   13888   13982
   13984   14004
   14007   14383
   14923   14937
   15007   15017
   15041   15051
   17709   17849
