Rhinolophus bat coronavirus HKU2.fas
NC_009988.1
  start     end
     496     991
   16131   16367
   25862   26287
MF370205.1
  start     end
     496     991
   16212   16222
   25594   25604
   25614   25644
   25651   25699
   25701   25726
   25734   25770
EF203067.1
  start     end
     497     841
   16152   16367
   25080   25102
   25105   25142
   25144   25154
   25156   25207
   25209   25252
   25258   25289
   26013   26032
   26063   26107
   26109   26119
   26121   26287
EF203066.1
  start     end
     497     841
   16152   16367
   25080   25102
   25105   25142
   25144   25154
   25156   25207
   25209   25252
   25258   25289
   26013   26032
   26063   26107
   26109   26119
   26121   26287
EF203065.1
  start     end
     497     841
   16152   16367
   25080   25102
   25105   25142
   25144   25154
   25156   25207
   25209   25252
   25258   25289
   26013   26032
   26063   26107
   26109   26119
   26121   26287
EF203064.1
  start     end
     496     991
   16131   16367
   25862   26287
MW727454.1
  start     end
     496     991
   16212   16222
   25594   25604
   25614   25644
   25651   25699
   25701   25726
   25734   25770
MH697599.1
  start     end
     496     991
   12896   13033
   17232   17250
   17264   17276
   17318   17328
   17349   17359
   22127   22155
   22157   22319
   25311   25791
MH539766.1
  start     end
     496     991
   16212   16222
   25594   25604
   25614   25644
   25651   25699
   25701   25726
   25734   25770
MG742313.1
  start     end
     496     991
   16212   16222
   25594   25604
   25614   25644
   25651   25699
   25701   25726
   25734   25770
MF167434.1
  start     end
     496     991
   16205   16225
   25594   25604
   25614   25644
   25651   25699
   25701   25726
   25734   25770
