Severe acute respiratory syndrome-related coronavirus.fas
KY352407.1
  start     end
       0     376
     402     420
     450     460
    4960    5005
    5010    5046
    5061    5100
    5126    5197
    5199    5219
    5227    5407
    5409    5455
   13226   13244
   13246   13391
   16864   17359
   25792   26287
   27644   27683
   27685   27706
   27712   27757
   28113   28123
   28131   28265
CQ903009.1
  start     end
       0     348
     360     372
     495     991
   13398   13418
   13420   13464
   16864   17359
   25792   26287
   26784   27070
   28589   28767
KU973692.1
  start     end
       0      13
      16     208
     496     991
    4464    4703
   13392   13595
   13597   13622
   13634   13664
   13670   13695
   13719   13742
   13803   13819
   13834   13846
   13853   13870
   13877   13887
   16864   17359
   22672   22691
   22702   22719
   22721   22731
   22733   22748
   22750   23311
   25792   26287
   28575   28626
   28628   28701
   28703   28767
HW375992.1
  start     end
       0     348
     360     372
     495     991
   13398   13418
   13420   13464
   16864   17359
   25792   26287
   26784   27070
   28589   28767
HW269828.1
  start     end
       0     348
     360     372
     495     991
   13398   13418
   13420   13464
   16864   17359
   25792   26287
   26784   27070
   28589   28767

FJ959407.1
  start     end
       0     502
     504     991
   13229   13247
   13264   13391
   16864   17359
   25792   26287
   26785   26999
   28573   28621
   28623   28767
DQ898174.1
  start     end
       0     348
     496     991
   13398   13418
   13420   13464
   16864   17359
   25792   26287
   26784   27070
   28589   28767
DQ497008.1
  start     end
       0     348
     496     991
   16864   17359
   25792   26287
   26784   27070
   28589   28767
DL008527.1
  start     end
       0     348
     496     991
   13398   13418
   13420   13464
   16864   17359
   25792   26287
   26784   27070
   28589   28767
DJ059765.1
  start     end
       0     348
     496     991
   13398   13418
   13420   13464
   16864   17359
   25792   26287
   26784   27070
   28589   28767
DJ045279.1
  start     end
       0     348
     496     991
   13398   13418
   13420   13464
   16864   17359
   25792   26287
   26784   27070
   28589   28767
DL476508.1
  start     end
       0     348
     360     372
     495     991
   13398   13418
   13420   13464
   16864   17359
   25792   26287
   26784   27070
   28589   28767
CS569493.1
  start     end
       0     348
     360     372
     495     991
   13398   13418
   13420   13464
   16864   17359
   25792   26287
   26784   27070
   28589   28767
CS254197.1
  start     end
       0     348
     360     372
     495     991
   13398   13418
   13420   13464
   16864   17359
   25792   26287
   26784   27070
   28589   28767
CS079029.1
  start     end
       0     342
     345     357
     359     375
     381     407
     410     428
     499     537
     539     991
   13334   13344
   13367   13383
   13741   13887
   16864   17359
   25792   26287
   26784   27055
   28654   28684
   28698   28708
   28723   28744
CS079028.1
  start     end
       0     348
     496     991
   13398   13418
   13420   13440
   13450   13463
   16864   17359
   25792   26287
   26784   27070
   28589   28767
CS079027.1
  start     end
       0     348
     496     991
   13398   13418
   13420   13464
   16864   17359
   25792   26287
   26784   27070
   28589   28767
CS079026.1
  start     end
       0     348
     496     991
   13398   13418
   13420   13464
   16864   17359
   25792   26287
   26784   27070
   28589   28767
CQ918598.1
  start     end
       0     348
     496     991
   13398   13418
   13420   13464
   16864   17359
   25792   26287
   26784   27070
   28589   28767
CQ918585.1
  start     end
       0     342
     345     357
     359     375
     381     407
     410     428
     499     537
     539     991
   13334   13344
   13367   13383
   13741   13887
   16864   17359
   25792   26287
   26784   27055
   28654   28684
   28698   28708
   28723   28744
CQ918584.1
  start     end
       0     342
     345     357
     359     375
     381     407
     410     428
     499     537
     539     991
   13334   13344
   13367   13383
   13741   13887
   16864   17359
   25792   26287
   26784   27055
   28654   28684
   28698   28708
   28723   28744
MG772934.1
  start     end
       0     154
     156     274
     992    1146
    1161    1178
   13246   14130
   14132   14144
   26059   26071
   26082   26287
MG772933.1
  start     end
       0     423
     425     447
     449     469
     471     495
   13392   13721
   13726   13752
   13888   14383
   26070   26287
AY278489.2
  start     end
       0     332
     498     536
     538     991
   13284   13301
   13332   13392
   13789   13813
   13815   13829
   13846   13883
   16864   17359
   25792   26287
   26784   27054
   28642   28661
   28681   28739
   28746   28767
NC_004718.3
  start     end
       0     348
     496     991
   13398   13418
   13420   13464
   16864   17359
   25792   26287
   26784   27070
   28589   28767
JX163928.1
  start     end
       0     991
   13259   13278
   13295   13375
   13377   13391
   16864   17359
   25804   26287
   26784   27087
   28563   28614
   28616   28767
JX163927.1
  start     end
       0     991
   13259   13278
   13295   13375
   13377   13391
   16864   17359
   25804   26287
   26784   27087
   28563   28614
   28616   28767
JX163926.1
  start     end
       0     991
   13259   13278
   13295   13375
   13377   13391
   16864   17359
   25804   26287
   26784   27087
   28563   28614
   28616   28767
JX163925.1
  start     end
       0     991
   13259   13278
   13295   13375
   13377   13391
   16864   17359
   25804   26287
   26784   27087
   28563   28614
   28616   28767
JX163924.1
  start     end
       0     991
   13259   13278
   13295   13375
   13377   13391
   16864   17359
   25804   26287
   26784   27087
   28563   28614
   28616   28767
JX163923.1
  start     end
       0     991
   13259   13278
   13295   13375
   13377   13391
   16864   17359
   25804   26287
   26784   27087
   28563   28614
   28616   28767
AY274119.3
  start     end
       0     348
     496     991
   13398   13418
   13420   13464
   16864   17359
   25792   26287
   26784   27070
   28589   28767
KF294457.1
  start     end
     165     307
     770     797
     799     991
    1542    1569
    1571    1605
    1615    1655
    1799    1983
    4546    4560
   13201   13407
   13417   13435
   13437   13465
   13467   13611
   13620   13665
   13667   14192
   18714   18727
   18772   18784
   18793   18804
   25792   26287
   26794   26804
   27964   27975
   27977   28010
   28019   28042
   28044   28076
   28136   28150
   28176   28195
   28198   28215
   28245   28264
   28466   28767
MK062184.1
  start     end
       1     312
     496     553
     555     991
   13392   13546
   16864   17359
   25804   25820
   25921   25931
   25939   26559
   26946   26958
   26962   26980
MK062183.1
  start     end
       1     312
     496     553
     555     991
   13392   13546
   16864   17359
   25804   25820
   25921   25931
   25939   26558
   26946   26958
   26962   26980
MK062182.1
  start     end
       0     348
     496     991
   13398   13418
   13420   13464
   16864   17359
   25792   26287
   26784   26799
   26801   26811
   26815   26841
   26856   26876
   26880   26898
   26909   26945
   26967   26980
   28589   28767
MK062181.1
  start     end
       0     348
     496     991
   13398   13418
   13420   13464
   16864   17359
   25792   26287
   26784   26799
   26801   26811
   26815   26841
   26856   26876
   26880   26898
   26909   26945
   26967   26980
   28589   28767
MK062180.1
  start     end
       0     348
     496     991
   13398   13418
   13420   13464
   16864   17359
   25792   26287
   26784   27070
   28589   28767
MK062179.1
  start     end
       0     348
     496     991
   13398   13418
   13420   13464
   16864   17359
   25792   26287
   26784   27070
   28589   28767
KY417152.1
  start     end
       0     357
     359     381
     383     447
     450     469
     471     486
     488     991
   13392   13466
   13469   13505
   13522   13537
   13808   13819
   13834   13846
   13854   13870
   13877   13887
   17370   17380
   17383   17398
   25792   26288
   28526   28554
   28557   28767
KY417151.1
  start     end
       0     356
     360     372
     496     991
   13398   13465
   13469   13485
   17370   17380
   17383   17398
   25792   26287
   26784   26846
   26848   26983
   28958   28968
   28977   28995
   28997   29263
KY417150.1
  start     end
       0     357
     359     381
     383     447
     450     991
   13398   13418
   13420   13463
   16864   17359
   25792   26287
   26786   26842
   26846   26877
   26880   26946
   26968   26981
   28900   28915
   28918   28928
   28938   29263
KY417149.1
  start     end
       0     356
     360     372
     496     991
   13392   13505
   13522   13545
   13761   13772
   13780   13822
   13834   13847
   13849   13887
   16864   17359
   25803   26287
   26784   27059
   28134   28150
   28152   28244
   28246   28264
   28571   28767
KY417148.1
  start     end
       0     447
     449     991
   13392   13465
   13469   13485
   16864   17359
   25807   26287
   26784   27032
   28474   28513
   28515   28767
KY417147.1
  start     end
       0     381
     383     422
     424     447
     450     991
   13392   13465
   13469   13485
   16864   17359
   23125   23135
   23138   23158
   23162   23311
   25804   26287
   26784   27083
   28561   28767
KY417146.1
  start     end
       0     381
     383     447
     450     503
     505     552
     554     991
   13392   13466
   13469   13505
   13522   13533
   16864   17359
   23694   23704
   23712   23807
   25792   26287
   28181   28192
   28514   28767
KY417145.1
  start     end
       0     381
     383     447
     450     991
   13398   13465
   13469   13485
   22816   22829
   22834   23016
   23018   23044
   23065   23076
   25792   26287
   26784   26902
   26904   26934
   26936   26972
KY417144.1
  start     end
       0     381
     383     447
     450     991
   13392   13505
   13522   13537
   25792   26287
   28630   28681
   28683   28767
KY417143.1
  start     end
       0     381
     383     447
     450     991
   13398   13418
   13420   13463
   16864   17359
   25797   26287
   26784   27059
   28456   28470
   28476   28511
   28513   28767
KY417142.1
  start     end
       0     356
     360     372
     496     991
   13392   13466
   13469   13505
   13522   13537
   13877   13887
   17370   17380
   17383   17398
   23039   23311
   25803   26287
   26784   27059
   28134   28150
   28152   28166
   28168   28244
   28246   28264
   28560   28767
KJ473816.1
  start     end
       0     809
   13052   13228
   16864   17171
   25803   25862
   25864   25879
   25881   25900
   25929   25943
   26401   26783
KJ473815.1
  start     end
   13058   13084
   13086   13127
   13129   13242
   13276   13292
   16864   17284
   17297   17323
   25776   26091
   26288   26783
KJ473814.1
  start     end
       0     991
   13231   13249
   13263   13391
   13808   13830
   13835   13867
   13869   13887
   15376   15871
   25792   26287
   26784   26879
   28529   28767
KJ473813.1
  start     end
       0     496
   13059   13081
   13083   13215
   13577   13887
   16864   17212
   17233   17244
   25763   25778
   25787   26027
   26460   26783
   29269   29279
   29281   29302
   29304   29336
   29338   29371
KJ473812.1
  start     end
   13036   13055
   13063   13101
   13103   13191
   13582   13724
   13726   13791
   13793   13887
   16864   17122
   25791   26029
   26031   26047
   26443   26464
   26466   26783
   29264   29298
   29309   29319
   29325   29357
KJ473811.1
  start     end
       0     495
   13059   13080
   13086   13124
   13126   13166
   13168   13191
   13193   13214
   13556   13567
   13574   13887
   16864   17264
   22136   22319
   25632   25642
   25644   25791
   26477   26488
   26521   26537
   26550   26783
   28768   29031
JX993988.1
  start     end
       0     500
     502     559
     561     604
     606     940
     943     970
   13176   13391
   16864   17359
   25792   26287
   27776   28271
JX993987.1
  start     end
       0     498
     642     658
     666     684
     702     712
     714     724
     726     760
     768     991
    4464    4959
   13179   13391
   17073   17086
   17633   17855
   20210   20231
   21620   21823
   25792   26783
   27783   27798
   27801   28027
   28029   28046
   28048   28058
AY348314.1
  start     end
       0     504
     506     639
     641     991
   13349   13362
   16864   17359
   25792   26287
   26785   27031
   29448   29567
AY338175.1
  start     end
       0     504
     506     639
     641     991
   13349   13362
   16864   17359
   25792   26287
   26785   27031
   29448   29567
AY338174.1
  start     end
       0     504
     506     639
     641     991
   13349   13362
   16864   17359
   25792   26287
   26785   27031
   29448   29567
AY278741.1
  start     end
       0     348
     496     991
   13398   13418
   13420   13464
   16864   17359
   25792   26287
   26784   27070
   28589   28767
DQ022305.2
  start     end
       0     308
     332     345
     768     991
    2948    2959
   13182   13196
   13198   14174
   14176   14196
   15729   15740
   15757   15871
   25792   25842
   25844   26287
   26784   26994
   27776   28271
   28567   28767
DQ084200.1
  start     end
       0     291
    1488    1707
    1720    1731
   13189   13887
   17133   17143
   18786   18797
   25792   26287
   26784   26800
   26805   26822
   26825   26853
   26892   26904
   27776   28205
   28209   28226
   28235   28271
   28563   28767
   29687   29705
DQ084199.1
  start     end
       0     291
    1488    1707
    1720    1731
   13189   13887
   17133   17143
   18786   18797
   25792   26287
   26784   26800
   26802   26877
   26890   26928
   27776   28112
   28114   28169
   28171   28183
   28185   28205
   28209   28226
   28235   28254
   28256   28271
   28563   28767
KP886809.1
  start     end
       0     991
   13392   13464
   13468   13484
   16864   17359
   25792   26287
   26784   27024
   27026   27042
KP886808.1
  start     end
       0     991
   13392   13464
   13468   13484
   16864   17359
   25792   26287
   26784   26984
KF514423.1
  start     end
       0     328
     340     352
     354     370
     407     422
     500     532
     536     991
    1884    1896
    1923    1933
    1947    1957
    1971    1983
   13407   13417
   13862   13878
   16864   17359
   25792   26287
   26784   27080
   27090   27101
   28583   28606
   28608   28634
   28636   28767
KF514422.1
  start     end
       0     328
     340     352
     354     370
     407     422
     500     532
     536     991
    1884    1896
    1923    1933
    1947    1957
    1971    1983
   13407   13417
   13862   13878
   16864   17359
   25792   26287
   26784   27080
   27090   27101
   28583   28606
   28608   28634
   28636   28767
KF514421.1
  start     end
       0     328
     340     352
     354     370
     407     422
     500     532
     536     991
    1884    1896
    1923    1933
    1947    1957
    1971    1983
   13407   13417
   13862   13878
   16864   17359
   25792   26287
   26784   27080
   27090   27101
   28583   28606
   28608   28634
   28636   28767
KF514420.1
  start     end
       0     328
     340     352
     354     370
     407     422
     500     532
     536     991
    1884    1896
    1923    1933
    1947    1957
    1971    1983
   13407   13417
   13862   13878
   16864   17359
   25792   26287
   26784   27080
   27090   27101
   28583   28606
   28608   28634
   28636   28767
KF514419.1
  start     end
       0     328
     340     352
     354     370
     407     422
     500     532
     536     991
    1884    1896
    1923    1933
    1947    1957
    1971    1983
   13407   13417
   13862   13878
   16864   17359
   25792   26287
   26784   27080
   27090   27101
   28583   28606
   28608   28634
   28636   28767
KF514418.1
  start     end
       0     328
     340     352
     354     370
     407     422
     500     532
     536     991
    1884    1896
    1923    1933
    1947    1957
    1971    1983
   13407   13417
   13862   13878
   16864   17359
   25792   26287
   26784   27080
   27090   27101
   28583   28606
   28608   28634
   28636   28767
KF514417.1
  start     end
       0     328
     340     352
     354     370
     407     422
     500     532
     536     991
    1884    1896
    1923    1933
    1947    1957
    1971    1983
   13407   13417
   13862   13878
   16864   17359
   25792   26287
   26784   27080
   27090   27101
   28583   28606
   28608   28634
   28636   28767
KF514416.1
  start     end
       0     328
     340     352
     354     370
     407     422
     500     532
     536     991
    1884    1896
    1923    1933
    1947    1957
    1971    1983
   13407   13417
   13862   13878
   16864   17359
   25792   26287
   26784   27080
   27090   27101
   28583   28606
   28608   28634
   28636   28767
KF514415.1
  start     end
       0     328
     340     352
     354     370
     407     422
     500     532
     536     991
    1884    1896
    1923    1933
    1947    1957
    1971    1983
   13407   13417
   13862   13878
   16864   17359
   25792   26287
   26784   27080
   27090   27101
   28583   28606
   28608   28634
   28636   28767
KF514414.1
  start     end
       0     328
     340     352
     354     370
     407     422
     500     532
     536     991
    1884    1896
    1923    1933
    1947    1957
    1971    1983
   13407   13417
   13862   13878
   16864   17359
   25792   26287
   26784   27080
   27090   27101
   28583   28606
   28608   28634
   28636   28767
KF514413.1
  start     end
       0     328
     340     352
     354     370
     407     422
     500     532
     536     991
    1884    1896
    1923    1933
    1947    1957
    1971    1983
   13407   13417
   13862   13878
   16864   17359
   25792   26287
   26784   27080
   27090   27101
   28583   28606
   28608   28634
   28636   28767
KF514412.1
  start     end
       0     328
     340     352
     354     370
     407     422
     500     532
     536     991
    1884    1896
    1923    1933
    1947    1957
    1971    1983
   13407   13417
   13862   13878
   16864   17359
   25792   26287
   26784   27080
   27090   27101
   28583   28606
   28608   28634
   28636   28767
KF514411.1
  start     end
       0     328
     340     352
     354     370
     407     422
     500     532
     536     991
    1884    1896
    1923    1933
    1947    1957
    1971    1983
   13407   13417
   13862   13878
   16864   17359
   25792   26287
   26784   27080
   27090   27101
   28583   28606
   28608   28634
   28636   28767
KF514410.1
  start     end
       0     328
     340     352
     354     370
     407     422
     500     532
     536     991
    1884    1896
    1923    1933
    1947    1957
    1971    1983
   13407   13417
   13862   13878
   16864   17359
   25792   26287
   26784   27080
   27090   27101
   28583   28606
   28608   28634
   28636   28767
KF514409.1
  start     end
       0     328
     340     352
     354     370
     407     422
     500     532
     536     991
    1884    1896
    1923    1933
    1947    1957
    1971    1983
   13407   13417
   13862   13878
   16864   17359
   25792   26287
   26784   27080
   27090   27101
   28583   28606
   28608   28634
   28636   28767
KF514408.1
  start     end
       0     328
     340     352
     354     370
     407     422
     500     532
     536     991
    1884    1896
    1923    1933
    1947    1957
    1971    1983
   13407   13417
   13862   13878
   16864   17359
   25792   26287
   26784   27080
   27090   27101
   28583   28606
   28608   28634
   28636   28767
KF514407.1
  start     end
       0     328
     340     352
     354     370
     407     422
     500     532
     536     991
   13385   13398
   13407   13417
   13862   13878
   16864   17359
   25792   26287
   26784   27109
   28583   28606
   28608   28767
KF514406.1
  start     end
       0     328
     340     352
     354     370
     407     422
     500     532
     536     991
    1884    1896
    1923    1933
    1947    1957
    1971    1983
   13407   13417
   13862   13878
   16864   17359
   25792   26287
   26784   27080
   27090   27101
   28583   28606
   28608   28634
   28636   28767
KF514405.1
  start     end
       0     328
     340     352
     354     370
     407     422
     500     532
     536     991
    1884    1896
    1923    1933
    1947    1957
    1971    1983
   13407   13417
   13862   13878
   16864   17359
   25792   26287
   26784   27080
   27090   27101
   28583   28606
   28608   28634
   28636   28767
KF514404.1
  start     end
       0     328
     340     352
     354     370
     407     422
     500     532
     536     991
    1884    1896
    1923    1933
    1947    1957
    1971    1983
   13407   13417
   13862   13878
   16864   17359
   25792   26287
   26784   27080
   27090   27101
   28583   28606
   28608   28634
   28636   28767
KF514403.1
  start     end
       0     328
     340     352
     354     370
     407     422
     500     532
     536     991
    1884    1896
    1923    1933
    1947    1957
    1971    1983
   13407   13417
   13862   13878
   16864   17359
   25792   26287
   26784   27080
   27090   27101
   28583   28606
   28608   28634
   28636   28767
KF514402.1
  start     end
       0     328
     340     352
     354     370
     407     422
     500     532
     536     991
    1884    1896
    1923    1933
    1947    1957
    1971    1983
   13407   13417
   13862   13878
   16864   17359
   25792   26287
   26784   27080
   27090   27101
   28583   28606
   28608   28634
   28636   28767
KF514401.1
  start     end
       0     328
     340     352
     354     370
     407     422
     500     532
     536     991
    1884    1896
    1923    1933
    1947    1957
    1971    1983
   13407   13417
   13862   13878
   16864   17359
   25792   26287
   26784   27080
   27090   27101
   28583   28606
   28608   28634
   28636   28767
KF514400.1
  start     end
       0     328
     340     352
     354     370
     407     422
     500     532
     536     991
    1884    1896
    1923    1933
    1947    1957
    1971    1983
   13407   13417
   13862   13878
   16864   17359
   25792   26287
   26784   27080
   27090   27101
   28583   28606
   28608   28634
   28636   28767
KF514399.1
  start     end
       0     328
     340     352
     354     370
     407     422
     500     532
     536     991
    1884    1896
    1923    1933
    1947    1957
    1971    1983
   13407   13417
   13862   13878
   16864   17359
   25792   26287
   26784   27080
   27090   27101
   28583   28606
   28608   28634
   28636   28767
KF514398.1
  start     end
       0     328
     340     352
     354     370
     407     422
     500     532
     536     991
    1884    1896
    1923    1933
    1947    1957
    1971    1983
   13407   13417
   13862   13878
   16864   17359
   25792   26287
   26784   27080
   27090   27101
   28583   28606
   28608   28634
   28636   28767
KF514397.1
  start     end
       0     328
     340     352
     354     370
     407     422
     500     532
     536     991
    1884    1896
    1923    1933
    1947    1957
    1971    1983
   13407   13417
   13862   13878
   16864   17359
   25792   26287
   26784   27080
   27090   27101
   28583   28606
   28608   28634
   28636   28767
KF514396.1
  start     end
       0     328
     340     352
     354     370
     407     422
     500     532
     536     991
    1884    1896
    1923    1933
    1947    1957
    1971    1983
   13407   13417
   13862   13878
   16864   17359
   25792   26287
   26784   27080
   27090   27101
   28583   28606
   28608   28634
   28636   28767
KF514395.1
  start     end
       0     328
     340     352
     354     370
     407     422
     500     532
     536     991
    1884    1896
    1923    1933
    1947    1957
    1971    1983
   13407   13417
   13862   13878
   16864   17359
   25792   26287
   26784   27080
   27090   27101
   28583   28606
   28608   28634
   28636   28767
KF514394.1
  start     end
       0     328
     340     352
     354     370
     407     422
     500     532
     536     991
    1884    1896
    1923    1933
    1947    1957
    1971    1983
   13407   13417
   13862   13878
   16864   17359
   25792   26287
   26784   27080
   27090   27101
   28583   28606
   28608   28634
   28636   28767
KF514393.1
  start     end
       0     328
     340     352
     354     370
     407     422
     500     532
     536     991
    1884    1896
    1923    1933
    1947    1957
    1971    1983
   13407   13417
   13862   13878
   16864   17359
   25792   26287
   26784   27080
   27090   27101
   28583   28606
   28608   28634
   28636   28767
KF514392.1
  start     end
       0     328
     340     352
     354     370
     407     422
     500     532
     536     991
    1884    1896
    1923    1933
    1947    1957
    1971    1983
   13407   13417
   13862   13878
   16864   17359
   25792   26287
   26784   27080
   27090   27101
   28583   28606
   28608   28634
   28636   28767
KF514391.1
  start     end
       0     328
     340     352
     354     370
     407     422
     500     532
     536     991
    1884    1896
    1923    1933
    1947    1957
    1971    1983
   13407   13417
   13862   13878
   16864   17359
   25792   26287
   26784   27080
   27090   27101
   28583   28606
   28608   28634
   28636   28767
KF514390.1
  start     end
       0     328
     340     352
     354     370
     407     422
     500     532
     536     991
    1884    1896
    1923    1933
    1947    1957
    1971    1983
   13407   13417
   13862   13878
   16864   17359
   25792   26287
   26784   27080
   27090   27101
   28583   28606
   28608   28634
   28636   28767
KF514389.1
  start     end
       0     328
     340     352
     354     370
     407     422
     500     532
     536     991
    1884    1896
    1923    1933
    1947    1957
    1971    1983
   13407   13417
   13862   13878
   16864   17359
   25792   26287
   26784   27080
   27090   27101
   28583   28606
   28608   28634
   28636   28767
KF514388.1
  start     end
       0     328
     340     352
     354     370
     407     422
     500     532
     536     991
    1884    1896
    1923    1933
    1947    1957
    1971    1983
   13407   13417
   13862   13878
   16864   17359
   25792   26287
   26784   27080
   27090   27101
   28583   28606
   28608   28634
   28636   28767
JF292922.1
  start     end
       0     991
   13259   13278
   13295   13375
   13377   13391
   16864   17359
   25804   26287
   26784   27087
   28563   28614
   28616   28767
JF292921.1
  start     end
       0     991
   13259   13278
   13295   13375
   13377   13391
   16864   17359
   25804   26287
   26784   27087
   28563   28614
   28616   28767
JF292920.1
  start     end
       0     991
   13259   13278
   13295   13375
   13377   13391
   16864   17359
   25804   26287
   26784   27087
   28563   28614
   28616   28767
JF292919.1
  start     end
       0     991
   13259   13278
   13295   13375
   13377   13391
   16864   17359
   25804   26287
   26784   27087
   28563   28614
   28616   28767
JF292918.1
  start     end
       0     991
   13259   13278
   13295   13375
   13377   13391
   16864   17359
   25804   26287
   26784   27087
   28563   28614
   28616   28767
JF292917.1
  start     end
       0     991
   13259   13278
   13295   13375
   13377   13391
   16864   17359
   25804   26287
   26784   27087
   28563   28614
   28616   28767
JF292916.1
  start     end
       0     991
   13259   13278
   13295   13375
   13377   13391
   16864   17359
   25804   26287
   26784   27087
   28563   28614
   28616   28767
JF292915.1
  start     end
       0     991
   13259   13278
   13295   13375
   13377   13391
   16864   17359
   25804   26287
   26784   27087
   28563   28614
   28616   28767
JF292914.1
  start     end
       0     991
   13259   13278
   13295   13375
   13377   13391
   16864   17359
   25804   26287
   26784   27087
   28563   28614
   28616   28767
JF292913.1
  start     end
       0     991
   13259   13278
   13295   13375
   13377   13391
   16864   17359
   25804   26287
   26784   27087
   28563   28614
   28616   28767
JF292912.1
  start     end
       0     991
   13259   13278
   13295   13375
   13377   13391
   16864   17359
   25804   26287
   26784   27087
   28563   28614
   28616   28767
JF292911.1
  start     end
       0     991
   13259   13278
   13295   13375
   13377   13391
   16864   17359
   25804   26287
   26784   27087
   28563   28614
   28616   28767
JF292910.1
  start     end
       0     991
   13259   13278
   13295   13375
   13377   13391
   16864   17359
   25804   26287
   26784   27087
   28563   28614
   28616   28767
JF292909.1
  start     end
       0     991
   13259   13278
   13295   13375
   13377   13391
   16864   17359
   25804   26287
   26784   27087
   28563   28614
   28616   28767
JF292908.1
  start     end
       0     991
   13259   13278
   13295   13375
   13377   13391
   16864   17359
   25804   26287
   26784   27087
   28563   28614
   28616   28767
JF292907.1
  start     end
       0     991
   13259   13278
   13295   13375
   13377   13391
   16864   17359
   25804   26287
   26784   27087
   28563   28614
   28616   28767
JF292906.1
  start     end
       0     991
   13259   13278
   13295   13375
   13377   13391
   16864   16959
   16961   17359
   25804   26287
   26784   27087
   28563   28614
   28616   28767
JF292905.1
  start     end
       0     991
   13259   13278
   13295   13375
   13377   13391
   16864   16959
   16961   17359
   25804   26287
   26784   27087
   28563   28614
   28616   28767
JF292904.1
  start     end
       0     991
   13259   13278
   13295   13375
   13377   13391
   16864   16959
   16961   17359
   25804   26287
   26784   27087
   28563   28614
   28616   28767
JF292903.1
  start     end
       0     991
   13259   13278
   13295   13375
   13377   13391
   16864   16959
   16961   17359
   25804   26287
   26784   27087
   28563   28614
   28616   28767
JF292902.1
  start     end
       0     991
   13259   13278
   13295   13375
   13377   13391
   16864   16959
   16961   17359
   25804   26287
   26784   27087
   28563   28614
   28616   28767
HQ890546.1
  start     end
       0     991
   13259   13278
   13295   13375
   13377   13391
   16864   17359
   25804   26287
   26784   27087
   28563   28614
   28616   28767
HQ890545.1
  start     end
       0     991
   13259   13278
   13295   13375
   13377   13391
   16864   17359
   25804   26287
   26784   27087
   28563   28614
   28616   28767
HQ890544.1
  start     end
       0     991
   13259   13278
   13295   13375
   13377   13391
   16864   17359
   25804   26287
   26784   27087
   28563   28614
   28616   28767
HQ890543.1
  start     end
       0     991
   13259   13278
   13295   13375
   13377   13391
   16864   17359
   25804   26287
   26784   27087
   28563   28614
   28616   28767
HQ890542.1
  start     end
       0     991
   13259   13278
   13295   13375
   13377   13391
   16864   17359
   25804   26287
   26784   27087
   28563   28614
   28616   28767
HQ890541.1
  start     end
       0     991
   13259   13278
   13295   13375
   13377   13391
   16864   17359
   25804   26287
   26784   27087
   28563   28614
   28616   28767
HQ890540.1
  start     end
       0     991
   13259   13278
   13295   13375
   13377   13391
   16864   16959
   16961   17359
   25804   26287
   26784   27087
   28563   28614
   28616   28767
HQ890539.1
  start     end
       0     991
   13259   13278
   13295   13375
   13377   13391
   16864   16959
   16961   17359
   25804   26287
   26784   27087
   28563   28614
   28616   28767
HQ890538.1
  start     end
       0     991
   13259   13278
   13295   13375
   13377   13391
   16864   16959
   16961   17359
   25804   26287
   26784   27087
   28563   28614
   28616   28767
HQ890537.1
  start     end
       0     991
   13259   13278
   13295   13375
   13377   13391
   16864   16959
   16961   17359
   25804   26287
   26784   27087
   28563   28614
   28616   28767
HQ890536.1
  start     end
       0     991
   13259   13278
   13295   13375
   13377   13391
   16864   16959
   16961   17359
   25804   26287
   26784   27087
   28563   28614
   28616   28767
HQ890535.1
  start     end
       0     991
   13259   13278
   13295   13375
   13377   13391
   16864   16959
   16961   17359
   25804   26287
   26784   27087
   28563   28614
   28616   28767
HQ890534.1
  start     end
       0     991
   13259   13278
   13295   13375
   13377   13391
   16864   16959
   16961   17359
   25804   26287
   26784   27087
   28563   28614
   28616   28767
HQ890533.1
  start     end
       0     991
   13259   13278
   13295   13375
   13377   13391
   16864   16959
   16961   17359
   25804   26287
   26784   27087
   28563   28614
   28616   28767
HQ890532.1
  start     end
       0     991
   13259   13278
   13295   13375
   13377   13391
   16864   16959
   16961   17359
   25804   26287
   26784   27087
   28563   28614
   28616   28767
HQ890531.1
  start     end
       0     991
   13259   13278
   13295   13375
   13377   13391
   16864   16959
   16961   17359
   25804   26287
   26784   27087
   28563   28614
   28616   28767
HQ890530.1
  start     end
       0     991
   13259   13278
   13295   13375
   13377   13391
   16864   16959
   16961   17359
   25804   26287
   26784   27087
   28563   28614
   28616   28767
HQ890529.1
  start     end
       0     991
   13259   13278
   13295   13375
   13377   13391
   16864   16959
   16961   17359
   25804   26287
   26784   27087
   28563   28614
   28616   28767
HQ890528.1
  start     end
       0     991
   13259   13278
   13295   13375
   13377   13391
   16864   16959
   16961   17359
   25804   26287
   26784   27087
   28563   28614
   28616   28767
HQ890527.1
  start     end
       0     991
   13259   13278
   13295   13375
   13377   13391
   16864   16959
   16961   17359
   25804   26287
   26784   27087
   28563   28614
   28616   28767
HQ890526.1
  start     end
       0     991
   13259   13278
   13295   13375
   13377   13391
   16864   16959
   16961   17359
   25804   26287
   26784   27087
   28563   28614
   28616   28767
KF569996.1
  start     end
       0     327
   13392   13602
   13604   14160
   16864   17359
   25923   25948
   25955   26287
   26694   26783
KC881006.1
  start     end
       0     357
     359     381
     383     447
     450     991
   13392   13466
   13469   13505
   13522   13537
   13808   13819
   13834   13846
   13854   13870
   13877   13887
   25792   26287
   26788   26844
   26848   26879
   26881   26956
   26970   26983
KC881005.1
  start     end
       0     357
     359     381
     383     447
     450     469
     471     486
     488     991
   13392   13466
   13469   13505
   13522   13537
   13808   13819
   13834   13846
   13854   13870
   13877   13887
   25792   26287
   26788   26844
   26848   26879
   26881   26956
   26970   26983
   28578   28767
KF367457.1
  start     end
       0     357
     359     381
     383     447
     450     991
   13392   13465
   13469   13488
   13522   13533
   17370   17380
   17384   17398
   25792   26287
   26784   26989
JX162087.1
  start     end
       0     328
     340     352
     354     370
     407     422
     500     532
     536     991
   13385   13398
   13407   13417
   13862   13878
   16864   17359
   25792   26287
   26784   27101
   28583   28606
   28608   28634
   28636   28767
JN854286.1
  start     end
       0     348
     496     991
   13398   13418
   13420   13464
   16864   17359
   25792   26287
   26784   27070
   28589   28767
JQ316196.1
  start     end
       0     348
     496     991
   13398   13418
   13420   13464
   16864   17359
   25792   26287
   26784   27070
   28589   28767
DQ412043.1
  start     end
      19      32
      62      81
      83      93
     117     368
     388     410
     421     442
     496    1006
    1008    1146
    1149    1269
    1503    1513
    1628    1641
   13392   14383
   26022   26287
   28003   28271
   28546   28564
   28566   28767
DQ412042.1
  start     end
      19      32
      62      81
      83      93
     117     368
     388     410
     421     442
     496     991
   13253   13393
   13738   13828
   13834   14140
   17274   17284
   17286   17386
   25792   26287
   29684   29703
AY595412.1
  start     end
       0     327
     496     991
   13398   13415
   13431   13441
   13861   13872
   16864   17359
   25792   25812
   25816   26287
   26784   27078
   28660   28677
   28725   28740
AY463060.1
  start     end
       0     495
     498     508
     516     584
     598     629
     631     991
    1826    1836
   12689   12715
   12717   12895
   13219   13236
   13243   13391
   16368   16755
   25296   25791
   26077   26287
   28768   29007
AY463059.1
  start     end
       0     495
     498     508
     516     584
     598     629
     631     991
    1826    1836
   13221   13391
   16864   17359
   25792   26287
   26784   26991
AY485278.1
  start     end
       0     348
     496     991
   13398   13418
   13420   13464
   16864   17359
   25792   26287
   26784   27070
   28584   28767
AY485277.1
  start     end
       0     348
     496     991
   13398   13418
   13420   13464
   16864   17359
   25792   26288
   26784   27050
   28603   28623
   28625   28651
   28653   28767
FJ882960.1
  start     end
       0     991
   13259   13278
   13295   13375
   13377   13391
   16864   17359
   25805   26287
   26784   27087
   28563   28614
   28616   28767
FJ882956.1
  start     end
       0     991
   13259   13278
   13295   13375
   13377   13391
   16864   17359
   25804   26287
   26784   27087
   28563   28614
   28616   28767
FJ882955.1
  start     end
       0     991
   13259   13278
   13295   13375
   13377   13391
   16864   17359
   25804   26287
   26784   27087
   28563   28614
   28616   28767
FJ882954.1
  start     end
       0     334
     336     465
     467     991
   13233   13249
   13251   13391
   16864   17359
   25792   26141
   26143   26287
   26784   27071
   28626   28643
   28691   28706
   28725   28743
FJ882950.1
  start     end
       0     991
   13259   13278
   13295   13375
   13377   13391
   16864   17359
   25804   26287
   26784   27087
   28563   28614
   28616   28767
FJ882949.1
  start     end
       0     318
     321     333
     344     368
     386     404
     488     991
   13240   13255
   13259   13285
   13287   13391
   16864   17359
   25806   26287
   26784   27111
   27113   27129
   27139   27149
   27168   27180
   28577   28587
   28593   28615
   28625   28690
   28692   28767
FJ882947.1
  start     end
       0     991
   13259   13278
   13295   13375
   13377   13391
   16864   17359
   25804   26287
   26784   27087
FJ882946.1
  start     end
       0     318
     321     333
     344     368
     386     404
     488     991
   13240   13255
   13259   13285
   13287   13391
   16864   17359
   25806   26287
   26784   27111
   27113   27129
   27139   27149
   27168   27180
   28577   28587
   28593   28615
   28625   28690
   28692   28767
FJ882944.1
  start     end
       0     991
   13361   13373
   16864   17359
   25792   26287
   26785   27053
   28574   28584
   28613   28644
   28655   28665
   28679   28698
   28715   28741
FJ882941.1
  start     end
       0     327
     496     991
    1883    1894
   13399   13416
   13772   13826
   13828   13878
   16864   17359
   25792   26287
   26784   27174
   27176   27223
   27225   27279
   28565   28767
FJ882940.1
  start     end
       0     991
   13259   13278
   13295   13375
   13377   13391
   16864   17359
   25804   26287
   26784   27087
   28563   28614
   28616   28767
FJ882939.1
  start     end
       0     991
   13259   13278
   13295   13375
   13377   13391
   16864   17359
   25804   26287
   26784   27087
   28563   28614
   28616   28767
FJ882938.1
  start     end
       0     328
     340     352
     354     370
     407     422
     500     532
     536     991
    1884    1896
    1923    1933
    1947    1957
    1971    1983
   13407   13417
   13862   13878
   16864   17359
   25792   26287
   26784   27080
   27090   27101
   28583   28606
   28608   28634
   28636   28767
FJ882937.1
  start     end
       0     409
     412     431
     433     472
     488     991
   13239   13402
   13404   13427
   13431   13450
   13472   13482
   13484   13512
   16864   17359
   25880   25895
   25898   25910
   25912   26287
   26784   27091
   28565   28767
FJ882936.1
  start     end
       0     991
   13259   13278
   13295   13375
   13377   13391
   16864   17359
   25804   26287
   26784   27087
   28563   28614
   28616   28767
FJ882935.1
  start     end
       0     318
     321     333
     344     368
     386     404
     488     991
   13240   13255
   13259   13285
   13287   13391
   16864   17359
   25806   26287
   26784   27111
   27113   27129
   27139   27149
   27168   27180
   28577   28587
   28593   28615
   28625   28690
   28692   28767
FJ882934.1
  start     end
       0     991
   13259   13278
   13295   13375
   13377   13391
   16864   17359
   25804   26287
   26784   27087
   28563   28614
   28616   28767
FJ882933.1
  start     end
       0     409
     412     431
     433     472
     488     991
   13239   13402
   13404   13427
   13431   13450
   13472   13482
   13484   13512
   16864   17359
   25880   25895
   25898   25910
   25912   26287
   26784   27091
   28565   28767
FJ882932.1
  start     end
       0     991
   13259   13278
   13295   13375
   13377   13391
   16864   17359
   25804   26287
   26784   27087
   28563   28614
   28616   28767
FJ882931.1
  start     end
       0     991
   13259   13278
   13295   13375
   13377   13391
   16864   17359
   25804   26287
   26784   27087
   28563   28614
   28616   28767
FJ882930.1
  start     end
       0     328
     340     352
     354     370
     407     422
     500     532
     536     991
    1884    1896
    1923    1933
    1947    1957
    1971    1983
   13407   13417
   13862   13878
   16864   17359
   25792   26287
   26784   27080
   27090   27101
   28583   28606
   28608   28634
   28636   28767
FJ882929.1
  start     end
       0     327
     496     991
    1883    1894
   13391   13444
   13448   13467
   13501   13512
   13649   13661
   13663   13674
   13678   13887
   16864   17359
   25792   26287
   26784   27223
   27225   27279
   28568   28767
FJ882928.1
  start     end
       0     328
     340     352
     354     370
     407     422
     500     532
     536     991
    1884    1896
    1923    1933
    1947    1957
    1971    1983
   13407   13417
   13862   13878
   16864   17359
   25792   26287
   26784   27080
   27090   27101
   28583   28606
   28608   28634
   28636   28767
FJ882927.1
  start     end
       0     328
     340     352
     354     370
     407     422
     500     532
     536     991
    1884    1896
    1923    1933
    1947    1957
    1971    1983
   13407   13417
   13862   13878
   16864   17359
   25792   26287
   26784   27080
   27090   27101
   28583   28606
   28608   28634
   28636   28767
FJ882926.1
  start     end
       0     415
     417     480
     482     991
    1870    1884
    1911    1921
    1959    1978
    4465    4652
   13245   13391
   16864   17359
   18174   18190
   18200   18210
   25792   25802
   25806   26287
   26784   27068
   28592   28622
   28624   28767
GQ153548.1
  start     end
       0     309
     311     321
     323     345
     503     549
     553     584
     586     705
     707     991
    2917    2959
    2961    2975
   12905   12923
   13002   13034
   13058   13091
   13100   13116
   13118   13141
   13143   13391
   13700   13887
   18677   18847
   25804   25815
   25818   25847
   25849   25949
   25951   26141
   27776   28272
   28579   28592
   28613   28676
   28682   28720
   28722   28766
GQ153547.1
  start     end
       0     308
     332     345
     773     783
     785     795
     800     831
     833     991
    2948    2959
   13206   14149
   14152   14171
   25792   25842
   25844   26287
   26784   26994
   27776   27823
   27825   27883
   27887   27988
   27990   28045
   28047   28223
   28225   28271
   28514   28529
   28539   28767
GQ153546.1
  start     end
       0     345
     357     369
     503     549
     553     584
     586     705
     707     991
    2936    2959
   13173   13187
   13197   13410
   13412   13888
   13918   13931
   25792   26287
   26793   26808
   27776   28214
   28216   28271
   28637   28672
   28681   28691
   28705   28724
   28741   28767
GQ153545.1
  start     end
       0     309
     311     321
     323     345
     503     549
     553     584
     586     705
     707     991
    2936    2959
   13173   13187
   13197   13410
   13412   13888
   13918   13931
   17141   17151
   25792   26287
   26793   26808
   27776   28214
   28216   28271
   28637   28672
   28681   28691
   28705   28724
   28741   28767
GQ153544.1
  start     end
       0     309
     311     321
     323     345
     503     549
     553     584
     586     705
     707     991
    2936    2959
   13173   13187
   13197   13410
   13412   13888
   13918   13931
   17141   17151
   25792   26287
   26793   26808
   27776   28214
   28216   28271
   28637   28672
   28681   28691
   28705   28724
   28741   28767
GQ153543.1
  start     end
       0     378
     380     444
     446     501
     503     549
     553     991
    4465    4601
    4603    4638
   13186   13208
   13214   13903
   13905   14046
   14049   14155
   25792   25845
   25848   26287
   26784   26941
   28136   28155
   28179   28199
   28625   28656
   28664   28677
   28691   28710
   28727   28753
GQ153542.1
  start     end
       0     378
     380     444
     446     501
     503     549
     553     991
    4465    4601
    4603    4638
   13186   13208
   13214   13903
   13905   14046
   14049   14155
   25870   25880
   25945   26287
   26795   26942
   28179   28190
   28214   28234
   28663   28682
   28730   28745
GQ153541.1
  start     end
       0     308
     332     345
     773     783
     785     795
     800     831
     833     991
    2948    2959
   13182   13196
   13198   14174
   14176   14196
   15729   15744
   15746   15871
   25792   25842
   25844   26287
   26784   26994
   27776   28271
   28580   28767
GQ153540.1
  start     end
       0     308
     332     345
     503     549
     553     584
     586     705
     707     991
    2936    2959
   13182   13196
   13198   14174
   14176   14196
   15729   15740
   15757   15871
   25792   25842
   25844   26287
   26784   26994
   27776   28271
   28580   28767
GQ153539.1
  start     end
       0     308
     332     345
     773     783
     785     795
     800     831
     833     991
    2948    2959
   13182   13196
   13198   14174
   14176   14196
   15729   15740
   15757   15871
   25792   25842
   25844   26287
   26784   26994
   27776   28271
   28580   28767
FJ588686.1
  start     end
       0     428
     430     533
     537     651
     658     689
     697     750
     757     767
     769     991
   12674   12895
   16368   16863
   25296   25791
   26083   26287
   26329   26345
AY282752.2
  start     end
       0     342
     345     357
     359     375
     381     407
     410     428
     499     537
     539     991
   13334   13344
   13367   13383
   13741   13887
   16864   17359
   25792   26287
   26784   27055
AY310120.1
  start     end
       0     348
     496     991
   13398   13418
   13420   13464
   16864   17359
   25792   26287
   26784   27070
   28589   28767
AY291315.1
  start     end
       0     348
     496     991
   13398   13418
   13420   13464
   16864   17359
   25792   26287
   26784   27070
   28589   28767
AY313906.1
  start     end
       0     348
     496     991
   13398   13464
   16864   17359
   25792   25847
   25849   26287
   26784   27080
   28640   28653
   28682   28713
   28724   28734
   28748   28767
AY283798.2
  start     end
       0     431
     434     453
     455     470
     472     494
     498     536
     538     991
   13284   13301
   13332   13392
   13789   13813
   13815   13829
   13846   13883
   16864   17359
   25792   26287
   26784   27054
   28660   28677
   28725   28740
AY283797.1
  start     end
       0     431
     434     453
     455     470
     472     494
     498     536
     538     991
   13284   13301
   13332   13392
   13789   13813
   13815   13829
   13846   13883
   16864   17359
   25792   26287
   26784   27054
   28568   28767
AY283796.1
  start     end
       0     431
     434     453
     455     470
     472     494
     498     536
     538     991
   13284   13301
   13332   13392
   13789   13813
   13815   13829
   13846   13883
   16864   17359
   25792   26287
   26784   27054
   28660   28677
   28725   28740
AY283795.1
  start     end
       0     431
     434     453
     455     470
     472     494
     498     536
     538     991
   13284   13301
   13332   13392
   13789   13813
   13815   13829
   13846   13883
   16864   17359
   25792   26287
   26784   27054
   28581   28767
AY283794.1
  start     end
       0     431
     434     453
     455     470
     472     494
     498     536
     538     991
   13284   13301
   13332   13392
   13789   13813
   13815   13829
   13846   13883
   16864   17359
   25792   26287
   26784   27054
   28660   28677
   28725   28740
GU553365.1
  start     end
       0     991
   13259   13278
   13295   13375
   13377   13391
   16864   17359
   25798   26287
   26784   27087
   28590   28609
   28626   28687
   28689   28767
GU553364.1
  start     end
       0     991
   13259   13278
   13295   13375
   13377   13391
   16864   17359
   25804   26287
   26784   27087
   28590   28609
   28626   28687
   28689   28767
GU553363.1
  start     end
       0     991
   13259   13278
   13295   13375
   13377   13391
   16864   17359
   25804   26287
   26784   27087
   28590   28609
   28626   28687
   28689   28767
AY686864.1
  start     end
       0     316
     318     340
     342     406
     408     471
     473     483
     485     991
   13359   13371
   13379   13390
   16864   17359
   25804   26287
   26784   27154
   27156   27179
   27181   27202
   27217   27244
   27250   27264
   28548   28767
AY279354.2
  start     end
       0     431
     434     453
     455     470
     472     494
     498     536
     538     991
   13284   13301
   13332   13392
   13789   13813
   13815   13829
   13846   13883
   16864   17359
   25792   26287
   26784   27054
   28660   28677
   28725   28740
AY278490.3
  start     end
       0     377
     379     443
     445     991
   13392   13547
   13549   13563
   13565   13591
   13594   13612
   13640   13660
   13666   13678
   13680   13691
   13694   13707
   13715   13738
   13740   13887
   16864   17359
   25792   25832
   25834   26287
   26785   26807
   26809   26839
   26842   26872
   26874   26941
   26963   26982
   28569   28767
AY278487.3
  start     end
       0     348
     496     991
   13398   13418
   13420   13464
   16864   17359
   25792   26287
   26784   27070
   28589   28767
AY278488.2
  start     end
       0     329
     341     371
     377     388
     390     404
     406     422
     537     651
     658     689
     691     991
    1883    1908
    1912    1934
    1939    1983
   13408   13418
   13786   13802
   13843   13880
   16864   17359
   25792   26287
   26794   27051
   28613   28623
   28648   28710
   28712   28767
DQ071615.1
  start     end
     496     991
   13392   13412
   13414   13434
   13436   13459
   13463   13473
   13694   13711
   13713   13887
   16864   17359
   25792   26287
   26784   26829
   26837   26851
   26853   26906
   26919   26942
   28094   28105
   28179   28190
   28216   28229
   28245   28255
   28575   28767
AY304488.1
  start     end
       0     342
     345     357
     359     375
     381     407
     410     428
     505     537
     539     991
   13334   13344
   13367   13383
   13692   13702
   13714   13727
   13733   13887
   16864   17359
   25792   26287
   26784   27055
   28643   28656
   28682   28740
   28751   28767
AY304486.1
  start     end
       0     342
     345     357
     359     375
     381     407
     410     428
     499     537
     539     991
   13334   13344
   13367   13383
   13692   13702
   13714   13727
   13733   13887
   16864   17359
   25792   26287
   26784   27055
   28643   28656
   28682   28740
   28751   28767
FJ882962.1
  start     end
       0     374
     376     440
     442     545
     547     991
    1788    1983
   13392   13411
   13413   13489
   13515   13538
   13663   13675
   13693   13710
   13712   13887
   16864   17359
   25792   26287
   26784   27046
   28592   28767
FJ882961.1
  start     end
       0     374
     376     440
     442     545
     547     991
    1792    1808
    1813    1983
   13392   13411
   13413   13489
   13515   13538
   13663   13675
   13693   13710
   13712   13887
   16864   17359
   25792   26287
   26784   27046
   28596   28777
FJ882959.1
  start     end
       0     374
     376     440
     442     545
     547     991
    1788    1983
   13392   13411
   13413   13489
   13515   13538
   13663   13675
   13693   13710
   13712   13887
   16864   17359
   25792   26287
   26784   27046
   28592   28767
FJ882958.1
  start     end
       0     374
     376     440
     442     545
     547     991
    1792    1808
    1813    1983
   13392   13411
   13413   13489
   13515   13538
   13663   13675
   13693   13710
   13712   13887
   16864   17359
   25792   26287
   26784   27046
   28596   28777
FJ882957.1
  start     end
       0     374
     376     440
     442     545
     547     991
    1788    1983
   13392   13411
   13413   13489
   13515   13538
   13663   13675
   13693   13710
   13712   13887
   16864   17359
   25792   26287
   26784   27046
   28596   28777
FJ882953.1
  start     end
       0     409
     412     431
     433     472
     488     991
   13239   13402
   13404   13427
   13431   13450
   13472   13482
   13484   13512
   16864   17359
   25880   25895
   25898   25910
   25912   26287
   26784   27092
   28565   28767
FJ882952.1
  start     end
       0     374
     376     440
     442     545
     547     991
    1792    1808
    1813    1983
   13392   13411
   13413   13489
   13515   13538
   13663   13675
   13693   13710
   13712   13887
   16864   17359
   25792   26287
   26784   27046
   28596   28777
FJ882951.1
  start     end
       0     374
     376     440
     442     545
     547     991
    1788    1983
   13392   13411
   13413   13489
   13515   13538
   13663   13675
   13693   13710
   13712   13887
   16864   17359
   25792   26287
   26784   27046
   28592   28767
FJ882948.1
  start     end
       0     374
     376     440
     442     545
     547     991
    1792    1808
    1813    1983
   13392   13411
   13413   13489
   13515   13538
   13663   13675
   13693   13710
   13712   13887
   16864   17359
   25792   26287
   26784   27046
   28596   28777
FJ882945.1
  start     end
       0     374
     376     440
     442     545
     547     991
    1792    1808
    1813    1983
   13392   13411
   13413   13489
   13515   13538
   13663   13675
   13693   13710
   13712   13887
   16864   17359
   25792   26287
   26784   27046
   28596   28777
FJ882943.1
  start     end
       0     374
     376     440
     442     545
     547     991
    1788    1983
   13392   13411
   13413   13489
   13515   13538
   13663   13675
   13693   13710
   13712   13887
   16867   16906
   16913   16992
   16994   17359
   25792   26287
   26784   27046
   28596   28777
FJ882942.1
  start     end
       0     374
     376     440
     442     545
     547     991
    1788    1983
   13392   13544
   13550   13560
   13562   13588
   13590   13615
   13627   13887
   16864   17359
   25792   26287
   26784   27046
   28592   28767
DQ648857.1
  start     end
       0     355
     358     380
     382     421
     423     435
     496     991
    1495    1709
    1711    1733
   13366   13376
   13387   14383
   18848   18984
   18986   19015
   19017   19036
   25827   25838
   25874   25904
   25929   25954
   25962   26011
   26013   26287
   27940   28271
   28496   28519
   28527   28767
DQ648856.1
  start     end
      16      32
      58      81
      83      94
     111     368
     388     410
     421     442
     496     991
   13228   13392
   13741   14179
   17043   17062
   17073   17359
   25792   26287
AY864805.1
  start     end
       0     348
     496     991
   13398   13418
   13420   13464
   16864   17359
   25792   26287
   26784   27070
   28589   28767
AY686863.1
  start     end
       0     991
   13367   13380
   16864   17359
   25792   26287
   26784   27075
   28576   28767
AY714217.1
  start     end
       0     348
     496     991
   13398   13418
   13420   13464
   16864   17359
   25792   26287
   26784   27070
   28589   28767
AY572038.1
  start     end
       0     502
     504     991
   13229   13247
   13264   13391
   16864   17359
   25792   26287
   26785   27029
   28590   28609
   28625   28687
   28689   28767
AY572035.1
  start     end
       0     991
   13232   13242
   13251   13270
   13287   13391
   16864   17359
   25792   26287
   26784   27078
   28613   28623
   28648   28710
   28712   28767
AY572034.1
  start     end
       0     322
     556     567
     580     593
     598     623
     625     637
     657     682
     684     991
    1876    1929
    1932    1952
    1954    1983
   13254   13270
   13272   13292
   13306   13887
   16864   17359
   25792   25808
   25812   26287
   26785   27082
   28563   28767
AY654624.1
  start     end
       0     347
     359     371
     424     439
     496     991
   13392   13465
   13468   13489
   13491   13504
   13521   13532
   16864   17359
   25792   26287
   26784   27052
   28605   28625
   28627   28767
AY390556.1
  start     end
       0     298
     496     552
     554     991
   13398   13418
   13420   13464
   16864   17359
   25792   26287
   26784   27070
AY508724.1
  start     end
       0     431
     434     453
     455     470
     472     494
     498     536
     538     991
   13284   13301
   13332   13392
   13789   13813
   13815   13829
   13846   13883
   16864   17359
   25792   26287
   26784   27054
   28660   28677
   28725   28740
AY502932.1
  start     end
       0     348
     496     552
     554     617
     619     991
   13398   13418
   13420   13464
   16864   17359
   25792   26287
   26784   27070
   28589   28767
AY502931.1
  start     end
       0     348
     496     991
   13398   13418
   13420   13464
   16864   17359
   25792   26287
   26784   27070
   28589   28767
AY502930.1
  start     end
       0     348
     496     991
   13398   13418
   13420   13464
   16864   17359
   25792   26287
   26784   27070
   28589   28767
AY502929.1
  start     end
       0     348
     496     991
   13398   13418
   13420   13464
   16864   17359
   25792   26287
   26784   27070
   28589   28767
AY502928.1
  start     end
       0     348
     496     991
   13398   13418
   13420   13464
   16864   17359
   25792   26287
   26784   27070
   28589   28767
AY502927.1
  start     end
       0     348
     496     991
   13398   13418
   13420   13464
   16864   17359
   25792   26287
   26784   27070
   28589   28767
AY502926.1
  start     end
       0     348
     496     991
   13398   13418
   13420   13464
   16864   17359
   25792   26287
   26784   27070
   28589   28767
AY502925.1
  start     end
       0     348
     496     991
   13398   13418
   13420   13464
   16864   17359
   25792   26287
   26784   27070
   28589   28767
AY502924.1
  start     end
       0     348
     496     991
   13398   13418
   13420   13464
   16864   17359
   25792   26287
   26784   27064
   28590   28767
AY502923.1
  start     end
       0     348
     496     991
   13398   13418
   13420   13464
   16864   17359
   25792   26287
   26784   27070
   28589   28767
AY357076.1
  start     end
       0     343
     345     376
     378     429
     436     451
     457     472
     474     538
     540     991
   13742   13887
   16864   17359
   25792   26287
   26784   27053
   28586   28609
   28611   28767
AY357075.1
  start     end
       0     343
     345     376
     378     429
     436     451
     457     472
     474     538
     540     991
   13742   13887
   16864   17359
   25792   26287
   26784   27039
   28660   28677
   28725   28740
AY350750.1
  start     end
       0     368
     370     434
     437     456
     458     539
     541     991
   13288   13302
   13334   13391
   13694   13704
   13716   13729
   13731   13887
   16864   17359
   25792   25804
   25806   25822
   25832   25851
   25865   25888
   25890   25920
   25923   26287
   26785   27040
   28590   28641
   28643   28767
AY427439.1
  start     end
       0     431
     434     453
     455     470
     472     494
     498     536
     538     991
   13284   13301
   13332   13392
   13789   13813
   13815   13829
   13846   13883
   16864   17359
   25792   26287
   26784   27054
   28660   28677
   28725   28740
AY345988.1
  start     end
       0     342
     345     357
     359     375
     381     407
     410     428
     499     537
     539     991
   13334   13344
   13367   13383
   13741   13887
   16864   17359
   25792   26287
   26784   27055
   28654   28684
   28698   28708
   28723   28744
AY345987.1
  start     end
       0     342
     345     357
     359     375
     381     407
     410     428
     499     537
     539     991
   13334   13344
   13367   13383
   13741   13887
   16864   17359
   25792   26287
   26784   27055
   28654   28684
   28698   28708
   28723   28744
AY345986.1
  start     end
       0     342
     345     357
     359     375
     381     407
     410     428
     499     537
     539     991
   13334   13344
   13367   13383
   13741   13887
   16864   17359
   25792   26287
   26784   27055
   28654   28684
   28698   28708
   28723   28744
AY278554.2
  start     end
       0     342
     345     357
     359     375
     381     407
     410     428
     499     537
     539     991
   13334   13344
   13367   13383
   13741   13887
   16864   17359
   25792   26287
   26784   27055
   28654   28684
   28698   28708
   28723   28744
DQ182595.1
  start     end
       0     431
     434     453
     455     470
     472     494
     498     536
     538     991
   13332   13392
   13789   13813
   13815   13829
   13846   13883
   16864   17359
   25792   26287
   26784   27054
   28660   28677
   28725   28740
AY323977.2
  start     end
       0     348
     496     991
   13398   13418
   13420   13464
   16864   17359
   25792   26287
   26784   27070
   28589   28767
AY291451.1
  start     end
       0     348
     496     991
   13398   13418
   13420   13464
   16864   17359
   25792   26287
   26784   27070
   28589   28767
FJ882963.1
  start     end
       0     329
     341     371
     377     388
     390     404
     406     422
     537     651
     658     689
     691     991
    1883    1908
    1912    1934
    1939    1983
   13408   13418
   13786   13802
   13843   13880
   16864   17359
   25792   26287
   26794   27051
   28613   28623
   28648   28710
   28712   28767
AY772062.1
  start     end
       0     358
     496     991
   13392   13565
   13567   13577
   13818   13831
   16864   17359
   25792   26302
   26784   27079
EU371564.1
  start     end
       0     381
     383     991
   13398   13418
   13420   13464
   16864   17359
   25792   26287
   26784   27070
EU371563.1
  start     end
       0     381
     383     991
   13398   13418
   13420   13464
   16864   17359
   25792   26287
   26784   27070
   28102   28113
   28154   28237
   28239   28271
EU371562.1
  start     end
       0     381
     383     991
   13398   13418
   13420   13464
   16864   17359
   25792   26287
   26784   27070
   28102   28113
   28154   28237
   28239   28271
EU371561.1
  start     end
       0     381
     383     991
   13398   13418
   13420   13464
   16864   17359
   25792   26287
   26784   27070
   28102   28113
   28154   28237
   28239   28271
EU371560.1
  start     end
       0     381
     383     991
   13398   13418
   13420   13464
   16864   17359
   25792   26287
   26784   27070
   28589   28767
EU371559.1
  start     end
       0     348
     496     991
   13398   13418
   13420   13464
   16864   17359
   25792   26287
   26784   27070
   28589   28767
DJ066921.1
  start     end
       0     348
     496     991
   13398   13418
   13420   13464
   16864   17359
   25792   26287
   26784   27070
   28589   28767
AY864806.1
  start     end
       0     348
     496     991
   13398   13418
   13420   13464
   16864   17359
   25792   26287
   26784   27070
   28589   28767
DQ640652.1
  start     end
       0     331
     342     355
     496     991
   13392   13601
   13603   13670
   13676   13688
   13816   13827
   16864   17359
   25792   26287
   26784   27003
   27005   27059
   28494   28504
   28543   28767
AP006561.1
  start     end
       0     348
     496     991
   13398   13418
   13420   13464
   16864   17359
   25792   26287
   26784   27070
   28589   28767
AP006560.1
  start     end
       0     348
     496     991
   13398   13418
   13420   13464
   16864   17359
   25792   26287
   26784   27070
   28589   28767
AP006559.1
  start     end
       0     348
     496     991
   13398   13418
   13420   13464
   16864   17359
   25792   26287
   26784   27070
   28589   28767
AP006558.1
  start     end
       0     348
     496     991
   13398   13418
   13420   13464
   16864   17359
   25792   26287
   26784   27070
   28584   28767
AP006557.1
  start     end
       0     348
     496     991
   13398   13418
   13420   13464
   16864   17359
   25792   26287
   26784   27070
   28589   28767
AB257344.1
  start     end
       0     316
     318     340
     342     406
     408     471
     473     483
     485     991
   13359   13371
   13379   13390
   16864   17359
   25804   26287
   26784   27154
   27156   27179
   27181   27202
   27217   27244
   27250   27264
AY394850.2
  start     end
       0     348
     359     372
     425     440
     495     991
   13398   13418
   13420   13464
   16864   17359
   25792   26287
   26784   27070
   28584   28767
AY545919.1
  start     end
       0     327
     496     991
    1883    1895
    1917    1932
    1970    1983
   13399   13419
   13422   13443
   13679   13887
   16864   17359
   25792   26287
   26784   27147
   27149   27174
   27176   27223
   27225   27279
AY545918.1
  start     end
       0     347
     349     413
     415     476
     492     991
   13243   13392
   13722   13744
   13750   13887
   16864   17359
   25816   25830
   25884   25899
   25902   26287
   26784   27058
   28592   28767
AY545917.1
  start     end
       0     321
     323     336
     347     386
     389     407
     452     474
     490     991
   13235   13395
   13417   13427
   13757   13811
   13826   13887
   16864   17359
   25882   25897
   25914   26287
   26784   27059
   28554   28767
AY545916.1
  start     end
       0     347
     349     413
     415     476
     492     991
   13243   13392
   13722   13744
   13750   13887
   16864   17359
   25816   25830
   25884   25899
   25902   26287
   26784   27058
   28592   28767
AY545915.1
  start     end
       0     415
     417     480
     482     991
    1872    1884
    1962    1978
    4465    4652
   13245   13392
   13421   13432
   13491   13501
   13672   13685
   13697   13710
   13724   13887
   13910   13931
   13938   13950
   16864   17359
   25792   25802
   25806   26287
   26784   27063
   28603   28623
   28625   28651
   28653   28767
AY545914.1
  start     end
       0     325
     408     418
     494     522
     538     991
   13397   13417
   13419   13441
   13446   13462
   13770   13824
   13826   13876
   16864   17359
   25792   26287
   26784   27114
   27131   27145
   27184   27197
   27239   27250
   28494   28504
   28543   28767
AY613950.1
  start     end
       0     331
     333     991
   16864   17359
   25792   26287
   26784   27070
   28566   28767
AY613949.1
  start     end
       0     331
     333     991
   16864   17359
   25792   26287
   26784   27070
   28568   28767
AY613948.1
  start     end
       0     991
   16864   17359
   25792   26287
   26784   27071
   27758   27775
   28568   28767
AY613947.1
  start     end
       0     331
     333     991
   16864   17359
   25792   26287
   26784   27071
   28568   28767
AY568539.1
  start     end
       0     991
   16864   17359
   25792   26287
   26784   27071
   28568   28767
AY515512.1
  start     end
       0     325
     408     418
     494     522
     538     991
    1882    1892
    1971    1983
   13404   13414
   13785   13795
   13854   13876
   16864   17359
   25792   25811
   25821   25910
   25912   26287
   26784   27114
   27131   27145
   27184   27197
   27239   27250
   28490   28518
   28542   28767
AY559097.1
  start     end
       0     431
     434     453
     455     470
     472     494
     498     536
     538     991
   13334   13344
   13367   13383
   13741   13887
   16864   17359
   25792   26287
   26784   27053
   28586   28609
   28611   28767
AY559096.1
  start     end
       0     349
     351     373
     375     439
     442     461
     463     504
     506     544
     546     991
    1838    1983
   13392   13587
   13589   13620
   13626   13656
   13662   13709
   13711   13887
   16864   17359
   25792   26287
   26784   26803
   26805   26835
   26838   26945
   26947   26987
   28595   28618
   28620   28767
AY559095.1
  start     end
       0     346
     350     362
     388     405
     415     433
     494     542
     544     991
    1817    1828
    1836    1983
   13392   13887
   16864   17359
   25792   26287
   28579   28591
   28593   28767
AY559094.1
  start     end
       0     431
     434     453
     455     470
     472     494
     498     536
     538     991
   13742   13887
   16864   17359
   25792   26287
   26784   27039
   29264   29436
   29441   29451
AY559093.1
  start     end
       0     431
     434     453
     455     470
     472     494
     498     991
   13284   13302
   13332   13392
   13789   13813
   13815   13829
   13846   13883
   16864   17359
   25792   26287
   26784   27054
   28660   28677
   28725   28740
AY559092.1
  start     end
       0     431
     434     453
     455     470
     472     494
     498     536
     538     991
   13284   13301
   13332   13392
   13789   13813
   13815   13829
   13846   13883
   16864   17359
   25792   26287
   26784   27039
   28654   28684
   28698   28708
   28723   28744
AY559091.1
  start     end
       0     431
     434     453
     455     470
     472     494
     498     536
     538     991
   13284   13301
   13332   13392
   13789   13813
   13815   13829
   13846   13883
   16864   17359
   25792   26287
   26784   27054
   28660   28677
   28725   28740
AY559090.1
  start     end
       0     433
     436     455
     457     538
     540     991
   13392   13411
   13413   13489
   13515   13538
   13663   13675
   13693   13710
   13712   13887
   16864   17359
   25792   25832
   25834   26287
   26785   26807
   26809   26837
   26842   26856
   26858   26872
   26875   26941
   26964   26976
   28559   28767
AY559089.1
  start     end
       0     431
     434     453
     455     470
     472     494
     498     536
     538     991
   13265   13283
   13287   13306
   13319   13391
   13694   13704
   13716   13729
   13731   13887
   16864   17359
   25792   26287
   26784   27058
   28620   28642
   28644   28717
   28719   28767
AY559088.1
  start     end
       0     431
     434     453
     455     470
     472     494
     498     536
     538     991
   13334   13344
   13367   13383
   13741   13887
   16864   17359
   25792   26287
   26784   27039
   28589   28767
AY559087.1
  start     end
       0     431
     434     453
     455     470
     472     494
     510     526
     540     641
     643     991
   13339   13352
   13360   13382
   13789   13813
   13815   13829
   13846   13883
   16864   17359
   25792   26287
   26784   27054
   28660   28677
   28725   28740
AY559086.1
  start     end
       0     431
     434     453
     455     470
     472     494
     498     536
     538     991
   13284   13301
   13332   13392
   13789   13813
   13815   13829
   13846   13883
   16864   17359
   25792   26287
   26784   27054
AY559085.1
  start     end
       0     431
     434     453
     455     470
     472     494
     498     991
   13284   13302
   13332   13392
   13789   13813
   13815   13829
   13846   13883
   16864   17359
   25792   26287
   26784   27054
   28660   28677
   28725   28740
AY559084.1
  start     end
       0     431
     434     453
     455     470
     472     494
     498     991
   13284   13302
   13332   13392
   13789   13813
   13815   13829
   13846   13883
   16864   17359
   25792   26287
   26784   27054
   28660   28677
   28725   28740
AY559083.1
  start     end
       0     382
     394     406
     408     424
     430     477
     495     586
     590     991
   13392   13572
   17099   17110
   17125   17359
   25829   25868
   25893   25904
   25912   26287
   28272   28767
AY559082.1
  start     end
       9     310
     334     347
     496     991
   13392   13504
   13521   13532
   16864   17359
   25792   26287
   26784   27052
   28574   28584
   28613   28644
   28655   28665
   28679   28698
   28715   28741
AY559081.1
  start     end
       0     368
     370     434
     437     539
     541     991
   13288   13302
   13334   13391
   13694   13704
   13716   13729
   13731   13887
   16864   17359
   25792   26287
   26784   27058
   28620   28642
   28644   28717
   28719   28767
AY395004.1
  start     end
       0     334
     336     465
     467     991
   13233   13249
   13251   13391
   16864   17359
   25792   26287
   26784   27076
   28556   28767
AY395003.1
  start     end
       0     991
   13367   13380
   16864   17359
   25792   26287
   26784   27075
AY395002.1
  start     end
       0     342
     345     357
     359     375
     381     407
     410     428
     499     537
     539     991
   13334   13344
   13367   13383
   13741   13887
   16864   17359
   25792   26287
   26784   27055
   28272   28292
AY395001.1
  start     end
       0     342
     345     357
     359     375
     381     407
     410     428
     499     537
     539     991
   13334   13344
   13367   13383
   13741   13887
   16864   17359
   25792   26287
   26784   27055
   28272   28292
AY395000.1
  start     end
       0     342
     345     357
     359     375
     381     407
     410     428
     499     537
     539     991
   13334   13344
   13367   13383
   13741   13887
   16864   17359
   25792   26287
   26784   27055
   28272   28292
AY394999.1
  start     end
       0     342
     345     357
     359     375
     381     407
     410     428
     499     537
     539     991
   13334   13344
   13367   13383
   13741   13887
   16864   17359
   25792   26287
   26784   27055
   28272   28292
AY394998.1
  start     end
       0     342
     345     357
     359     375
     381     407
     410     428
     499     537
     539     991
   13334   13344
   13367   13383
   13741   13887
   16864   17359
   25792   26287
   26784   27055
   28654   28684
   28698   28708
   28723   28744
AY394997.1
  start     end
       0     342
     345     357
     359     375
     381     407
     410     428
     499     537
     539     991
   13334   13344
   13367   13383
   13741   13887
   16864   17359
   25792   26287
   26784   27055
AY394996.1
  start     end
       0     342
     345     357
     359     375
     381     407
     410     428
     499     537
     539     991
   13334   13344
   13367   13383
   13741   13887
   16864   17359
   25792   26287
   26784   27055
AY394995.1
  start     end
       0     342
     345     357
     359     375
     381     407
     410     428
     499     537
     539     991
   13334   13344
   13367   13383
   13741   13887
   16864   17359
   25792   26287
   26784   27055
   28643   28656
   28682   28740
   28751   28767
   29745   29756
AY394994.1
  start     end
       0     342
     345     357
     359     375
     381     407
     410     428
     499     537
     539     991
   13334   13344
   13367   13383
   13741   13887
   16864   17359
   25792   26287
   26784   27055
   28643   28656
   28682   28740
   28751   28767
   29745   29756
AY394993.1
  start     end
       0     342
     345     357
     359     375
     381     407
     410     428
     499     537
     539     991
   13334   13344
   13367   13383
   13741   13887
   16864   17359
   25792   26287
   26784   27055
   28654   28684
   28698   28708
   28723   28744
AY394992.1
  start     end
       0     342
     345     357
     359     375
     381     407
     410     428
     499     537
     539     991
   13334   13344
   13367   13383
   13741   13887
   16864   17359
   25792   26287
   26784   27055
   28654   28684
   28698   28708
   28723   28744
AY394991.1
  start     end
       0     342
     345     357
     359     375
     381     407
     410     428
     499     537
     539     991
   13334   13344
   13367   13383
   13741   13887
   16864   17359
   25792   26287
   26784   27055
   28654   28684
   28698   28708
   28723   28744
AY394990.1
  start     end
       0     342
     345     357
     359     375
     381     407
     410     428
     499     537
     539     991
   13334   13344
   13367   13383
   13741   13887
   16864   17359
   25792   26287
   26784   27055
   28654   28684
   28698   28708
   28723   28744
AY394989.1
  start     end
       0     342
     345     357
     359     375
     381     407
     410     428
     499     537
     539     991
   13334   13344
   13367   13383
   13741   13887
   16864   17359
   25792   26287
   26784   27055
   28654   28684
   28698   28708
   28723   28744
AY394988.1
  start     end
       0     426
     428     468
     470     991
    1816    1837
    1910    1921
   13212   13391
   16864   17359
   25792   26287
   26794   26859
   26861   26872
   26881   26905
   26907   26917
   26924   26951
   29640   29659
AY394987.1
  start     end
       0     991
   13358   13370
   13375   13389
   16864   17359
   25792   26287
   26784   27095
   27097   27108
   28590   28609
   28626   28687
   28689   28767
   29681   29703
AY394986.1
  start     end
       0     991
   13367   13380
   16864   17359
   25792   26287
   26784   27075
   28581   28767
AY394985.1
  start     end
    7440    7463
    7466    7543
   12896   12927
   12929   13301
   13347   13364
   16865   17167
   25792   26125
   26481   26494
   26512   26531
   26533   26783
AY394984.1
  start     end
       0     334
     336     465
     467     991
   16864   17359
   25792   26287
   26784   27076
   28571   28767
AY394983.1
  start     end
       0     991
   16864   17359
   25792   26287
   26784   27074
AY394982.1
  start     end
       0     991
   16864   17359
   25792   26287
   26784   27074
AY394981.1
  start     end
       0     991
   13367   13380
   16864   17359
   25792   26287
   26784   27072
   28564   28767
AY394980.1
  start     end
       0     335
     337     495
   13254   13272
   13281   13391
   16864   17359
   25805   25887
   25889   26275
   26277   26287
   26784   27078
   28570   28608
   28610   28767
AY394979.1
  start     end
       0     329
     331     991
   16864   17359
   25792   26287
   26784   27074
AY394978.1
  start     end
       0     501
     503     636
     638     991
    2287    2302
    2306    2479
   13266   13343
   13345   13391
   13805   13823
   13829   13858
   13862   13887
   16864   17359
   25792   26287
   26784   27028
   27030   27049
AY394977.1
  start     end
       0     991
   13367   13380
   16864   17359
   25792   26287
   26784   27075
   28724   28734
AY461660.1
  start     end
       0     342
     344     428
     435     450
     473     487
     499     537
     539     991
   13334   13344
   13367   13383
   13741   13887
   16864   17359
   25792   26287
   26784   27055
   28654   28684
   28698   28708
   28723   28744
AY304495.1
  start     end
       0     342
     345     357
     359     375
     381     407
     410     428
     499     537
     539     991
   13334   13344
   13367   13383
   13741   13887
   16864   17359
   25792   26287
   26784   27055
   28654   28684
   28698   28708
   28723   28744
AY278491.2
  start     end
       0     348
     496     991
   13398   13418
   13420   13440
   13450   13463
   16864   17359
   25792   26287
   26784   27070
   28589   28767
AY362699.1
  start     end
       0     348
     496     991
   13398   13418
   13420   13464
   16864   17359
   25792   26287
   26784   27070
   28589   28767
AY362698.1
  start     end
       0     348
     496     991
   13398   13418
   13420   13464
   16864   17359
   25792   26287
   26784   27070
   28589   28767
AY351680.1
  start     end
       0     348
     360     372
     495     991
   13388   13729
   13731   13887
   16864   17359
   25817   25839
   25841   25853
   25912   25928
   25930   26287
   26784   27091
   28651   28664
   28690   28724
   28726   28746
   28751   28767
AY321118.1
  start     end
       0     348
     496     991
   13398   13418
   13420   13464
   16864   17359
   25792   26287
   26784   27070
   28584   28767
AY297028.1
  start     end
       0     343
     345     376
     378     409
     411     429
     491     538
     540     991
   13389   13487
   13513   13524
   13868   13887
   16864   17359
   25792   25833
   25836   25867
   25869   26287
   26784   27044
   28552   28767
NC_014470.1
  start     end
       0     991
   13197   13392
   13647   13887
   16864   16980
   16982   17160
   18352   18570
   18587   18605
   25792   26287
   27623   27775
   28027   28046
   28050   28271
GU190215.1
  start     end
       0     991
   13197   13392
   13647   13887
   16864   16980
   16982   17160
   18352   18570
   18587   18605
   25792   26287
   27623   27775
   28027   28046
   28050   28271
