Tylonycteris bat coronavirus HKU4.fas
NC_009019.1
  start     end
    6471    6482
    6494    6510
    6512    6532
    6535    6563
    6565    6605
    6607    6676
   13392   13660
   28692   28726
   28728   28767
EF065505.1
  start     end
    6471    6482
    6494    6510
    6512    6532
    6535    6563
    6565    6605
    6607    6676
   13392   13660
   28692   28726
   28728   28767
MW218395.1
  start     end
MH002339.1
  start     end
   13392   13887
MH002338.1
  start     end
    8432    8446
    8448    8471
   12381   12392
   18384   18398
   18419   18442
   18455   18494
   18496   18847
MH002337.1
  start     end
    8432    8446
    8448    8492
    8494    8528
    8533    8544
KJ473822.1
  start     end
   18352   18847
DQ648794.1
  start     end
    6448    6943
   13392   13750
   13769   13782
   13792   13804
   13806   13821
   13826   13840
   13865   13886
EF065508.1
  start     end
   13392   13887
EF065507.1
  start     end
    6471    6482
    6494    6510
    6512    6532
    6535    6563
    6565    6605
    6607    6676
   13392   13660
   28692   28726
   28728   28767
EF065506.1
  start     end
    6471    6482
    6494    6510
    6512    6532
    6535    6563
    6565    6605
    6607    6676
   13392   13660
   28692   28726
   28728   28767
NC_009020.1
  start     end
       0     288
    1492    1530
    1532    1566
    1568    1585
    1587    1631
    1633    1983
    6944    7439
    7441    7451
    7498    7510
    7512    7527
    7554    7570
    7575    7593
    7617    7635
    7637    7721
    7723    7816
    7829    7854
    7881    7900
    7912    7936
    8081    8092
    8095    8583
    8585    8629
    8631    8647
    8663    8681
   15144   15163
   15165   15871
   17679   17863
   17865   18301
   18304   18346
   18518   18529
   18540   18556
   18558   19343
   20643   20662
   20665   20716
   20750   20761
   20774   20829
   21041   21058
   21061   21327
   21610   21627
   21629   21651
   21656   21708
   21710   21809
   21812   21823
   22789   22815
   23512   24303
   27621   27634
   27645   27799
   27801   27843
   27846   27861
   30051   30061
   30112   30127
   30140   30156
   30158   30200
   30213   30254
